group	x	y	clickSelects
10355	-45.25	43.75	3350
10355	-45.25	44.25	3350
10355	-44.75	44.75	3350
10355	-44.25	44.75	3350
10355	-43.75	44.25	3350
10355	-43.75	42.25	3350
10355	-42.75	42.25	3350
10355	-42.25	41.75	3350
10355	-42.25	41.25	3350
10355	-43.75	41.25	3350
10355	-44.25	41.75	3350
10355	-44.25	42.75	3350
10355	-45.25	43.75	3350
10356	-44.25	39.75	3350
10356	-44.25	40.25	3350
10356	-43.75	40.25	3350
10356	-43.75	39.75	3350
10356	-44.25	39.75	3350
10357	-40.75	36.25	3350
10357	-40.75	36.75	3350
10357	-40.25	36.75	3350
10357	-40.25	36.25	3350
10357	-40.75	36.25	3350
7777	-43.25	45.75	263
7777	-43.25	46.25	263
7777	-41.75	47.75	263
7777	-40.75	47.75	263
7777	-40.25	48.25	263
7777	-40.25	49.25	263
7777	-37.75	49.25	263
7777	-37.25	48.75	263
7777	-36.75	48.75	263
7777	-36.25	49.25	263
7777	-35.75	49.25	263
7777	-35.25	48.75	263
7777	-35.25	48.25	263
7777	-36.25	48.25	263
7777	-36.25	47.25	263
7777	-37.25	46.25	263
7777	-38.25	46.25	263
7777	-38.25	45.25	263
7777	-39.75	43.75	263
7777	-40.75	43.75	263
7777	-40.75	42.75	263
7777	-41.25	42.75	263
7777	-41.25	43.75	263
7777	-41.75	44.25	263
7777	-42.25	44.25	263
7777	-42.25	43.75	263
7777	-41.75	43.25	263
7777	-41.75	41.75	263
7777	-42.25	41.75	263
7777	-43.75	43.25	263
7777	-43.75	44.75	263
7777	-43.25	45.25	263
7777	-43.25	45.75	263
7816	-45.25	42.75	263
7816	-45.25	43.25	263
7816	-44.75	43.25	263
7816	-44.25	42.75	263
7816	-44.25	42.25	263
7816	-44.75	41.75	263
7816	-45.25	41.75	263
7816	-45.25	42.75	263
7827	-41.25	44.75	263
7827	-41.25	45.25	263
7827	-40.75	45.25	263
7827	-40.75	44.75	263
7827	-41.25	44.75	263
7838	-39.75	46.25	263
7838	-39.75	46.75	263
7838	-38.25	48.25	263
7838	-37.75	48.25	263
7838	-37.75	47.75	263
7838	-39.25	46.25	263
7838	-39.75	46.25	263
7849	-45.25	39.75	263
7849	-45.25	40.25	263
7849	-44.25	41.25	263
7849	-43.75	41.25	263
7849	-43.75	40.75	263
7849	-44.75	39.75	263
7849	-45.25	39.75	263
7860	-44.75	33.25	263
7860	-44.75	33.75	263
7860	-44.25	33.75	263
7860	-43.75	33.25	263
7860	-43.75	32.75	263
7860	-44.25	32.25	263
7860	-44.25	31.75	263
7860	-43.25	31.75	263
7860	-43.25	31.25	263
7860	-44.75	29.75	263
7860	-45.25	29.75	263
7860	-45.25	32.25	263
7860	-44.75	32.75	263
7860	-44.75	33.25	263
7871	-43.75	34.25	263
7871	-43.75	34.75	263
7871	-43.25	35.25	263
7871	-42.25	35.25	263
7871	-42.25	36.25	263
7871	-40.25	36.25	263
7871	-40.25	38.25	263
7871	-39.75	38.25	263
7871	-39.75	37.25	263
7871	-39.25	36.75	263
7871	-39.25	34.25	263
7871	-41.75	31.75	263
7871	-42.25	31.75	263
7871	-42.25	32.75	263
7871	-43.75	34.25	263
7882	-39.25	38.75	263
7882	-39.25	39.25	263
7882	-38.75	39.75	263
7882	-37.75	39.75	263
7882	-37.25	40.25	263
7882	-37.25	41.25	263
7882	-35.75	42.75	263
7882	-35.25	42.75	263
7882	-34.75	42.25	263
7882	-34.75	41.25	263
7882	-34.25	40.75	263
7882	-34.25	40.25	263
7882	-34.75	40.25	263
7882	-35.25	40.75	263
7882	-35.75	40.75	263
7882	-37.25	39.25	263
7882	-37.25	38.75	263
7882	-36.25	38.75	263
7882	-36.25	37.25	263
7882	-36.75	36.75	263
7882	-37.25	36.75	263
7882	-37.25	37.75	263
7882	-37.75	38.25	263
7882	-38.25	38.25	263
7882	-38.75	37.75	263
7882	-39.25	37.75	263
7882	-39.25	38.75	263
7893	-34.25	43.75	263
7893	-34.25	44.25	263
7893	-33.25	44.25	263
7893	-32.75	44.75	263
7893	-32.75	45.75	263
7893	-31.75	45.75	263
7893	-31.25	46.25	263
7893	-31.25	47.25	263
7893	-30.25	48.25	263
7893	-29.75	48.25	263
7893	-29.75	47.25	263
7893	-28.75	47.25	263
7893	-28.75	44.75	263
7893	-29.25	44.75	263
7893	-30.25	45.75	263
7893	-30.75	45.75	263
7893	-30.75	42.75	263
7893	-31.75	42.75	263
7893	-32.25	42.25	263
7893	-32.75	42.25	263
7893	-33.25	42.75	263
7893	-34.25	42.75	263
7893	-34.25	43.75	263
7778	-29.25	48.75	263
7778	-29.25	49.25	263
7778	-28.75	49.25	263
7778	-28.75	48.75	263
7778	-29.25	48.75	263
7789	-41.75	34.25	263
7789	-41.75	34.75	263
7789	-40.75	34.75	263
7789	-40.25	35.25	263
7789	-39.75	35.25	263
7789	-39.75	34.75	263
7789	-40.75	33.75	263
7789	-41.25	33.75	263
7789	-41.75	34.25	263
7800	-32.25	43.75	263
7800	-32.25	44.25	263
7800	-31.75	44.75	263
7800	-31.25	44.75	263
7800	-31.25	44.25	263
7800	-31.75	43.75	263
7800	-32.25	43.75	263
7809	-27.75	48.25	263
7809	-27.75	48.75	263
7809	-27.25	48.75	263
7809	-26.75	48.25	263
7809	-26.25	48.25	263
7809	-25.75	48.75	263
7809	-25.25	48.75	263
7809	-25.25	48.25	263
7809	-26.25	47.25	263
7809	-26.75	47.25	263
7809	-27.75	48.25	263
7810	-38.75	36.75	263
7810	-38.75	35.25	263
7810	-38.25	35.25	263
7810	-38.25	36.75	263
7810	-38.75	36.75	263
7811	-28.25	47.25	263
7811	-28.25	45.75	263
7811	-27.75	45.75	263
7811	-27.75	47.25	263
7811	-28.25	47.25	263
7812	-30.25	44.25	263
7812	-30.25	43.75	263
7812	-29.75	43.75	263
7812	-29.75	44.25	263
7812	-30.25	44.25	263
7813	-42.25	29.75	263
7813	-42.25	30.25	263
7813	-37.75	34.75	263
7813	-37.25	34.75	263
7813	-37.25	33.75	263
7813	-36.75	33.25	263
7813	-36.75	32.25	263
7813	-36.25	32.25	263
7813	-35.75	32.75	263
7813	-35.25	32.75	263
7813	-34.75	32.25	263
7813	-34.75	31.75	263
7813	-37.75	28.75	263
7813	-38.25	28.75	263
7813	-39.75	30.25	263
7813	-40.25	30.25	263
7813	-40.25	29.75	263
7813	-39.75	29.25	263
7813	-39.75	28.75	263
7813	-40.25	28.75	263
7813	-40.75	29.25	263
7813	-41.25	29.25	263
7813	-41.75	28.75	263
7813	-42.25	28.75	263
7813	-42.25	29.75	263
7814	-36.25	35.75	263
7814	-36.25	36.25	263
7814	-35.25	37.25	263
7814	-34.75	37.25	263
7814	-34.75	36.75	263
7814	-35.75	35.75	263
7814	-36.25	35.75	263
7815	-29.75	42.25	263
7815	-29.75	42.75	263
7815	-28.75	43.75	263
7815	-27.75	43.75	263
7815	-27.75	44.75	263
7815	-26.75	45.75	263
7815	-26.25	45.75	263
7815	-24.25	43.75	263
7815	-24.25	43.25	263
7815	-24.75	42.75	263
7815	-24.75	41.75	263
7815	-25.25	41.75	263
7815	-25.75	42.25	263
7815	-26.25	42.25	263
7815	-26.75	41.75	263
7815	-27.25	41.75	263
7815	-28.25	42.75	263
7815	-28.75	42.75	263
7815	-29.25	42.25	263
7815	-29.75	42.25	263
7817	-29.75	40.25	263
7817	-29.75	40.75	263
7817	-29.25	41.25	263
7817	-28.75	41.25	263
7817	-28.75	40.25	263
7817	-27.75	40.25	263
7817	-27.75	38.75	263
7817	-28.25	38.75	263
7817	-29.75	40.25	263
7818	-41.75	27.25	263
7818	-41.75	27.75	263
7818	-41.25	27.75	263
7818	-40.75	27.25	263
7818	-39.75	27.25	263
7818	-39.75	26.75	263
7818	-40.25	26.25	263
7818	-40.25	25.75	263
7818	-39.75	25.75	263
7818	-39.25	26.25	263
7818	-38.75	26.25	263
7818	-37.25	24.75	263
7818	-37.25	24.25	263
7818	-37.75	24.25	263
7818	-38.75	25.25	263
7818	-39.25	25.25	263
7818	-40.25	24.25	263
7818	-40.75	24.25	263
7818	-40.75	25.25	263
7818	-41.75	25.25	263
7818	-42.25	25.75	263
7818	-42.25	26.25	263
7818	-41.25	26.25	263
7818	-41.25	26.75	263
7818	-41.75	27.25	263
7819	-32.25	35.75	263
7819	-32.25	36.25	263
7819	-31.75	36.25	263
7819	-31.75	34.75	263
7819	-32.25	34.75	263
7819	-32.25	35.75	263
7820	-23.75	44.25	263
7820	-23.75	44.75	263
7820	-23.25	44.75	263
7820	-22.75	44.25	263
7820	-22.75	43.75	263
7820	-23.25	43.25	263
7820	-23.75	43.25	263
7820	-23.75	44.25	263
7821	-21.25	46.75	263
7821	-21.25	47.25	263
7821	-20.75	47.25	263
7821	-20.75	45.75	263
7821	-21.25	45.75	263
7821	-21.25	46.75	263
7822	-20.25	47.75	263
7822	-20.25	48.25	263
7822	-19.75	48.75	263
7822	-19.25	48.75	263
7822	-18.75	48.25	263
7822	-18.75	47.75	263
7822	-20.25	47.75	263
7823	-44.75	22.25	263
7823	-44.75	22.75	263
7823	-44.25	23.25	263
7823	-43.75	23.25	263
7823	-43.75	22.75	263
7823	-44.25	22.25	263
7823	-44.25	21.75	263
7823	-42.25	19.75	263
7823	-42.25	19.25	263
7823	-43.75	17.75	263
7823	-44.25	17.75	263
7823	-44.25	18.25	263
7823	-43.25	19.25	263
7823	-43.25	19.75	263
7823	-44.75	21.25	263
7823	-44.75	22.25	263
7824	-33.25	33.75	263
7824	-33.25	34.25	263
7824	-32.75	34.25	263
7824	-32.75	33.75	263
7824	-33.25	33.75	263
7825	-29.75	37.25	263
7825	-29.75	37.75	263
7825	-29.25	37.75	263
7825	-29.25	37.25	263
7825	-29.75	37.25	263
7826	-18.25	48.75	263
7826	-18.25	49.25	263
7826	-17.75	49.25	263
7826	-17.75	48.75	263
7826	-18.25	48.75	263
7828	-20.25	46.25	263
7828	-20.25	45.75	263
7828	-19.75	45.75	263
7828	-19.75	46.25	263
7828	-20.25	46.25	263
7829	-42.25	22.75	263
7829	-42.25	23.25	263
7829	-41.75	23.75	263
7829	-41.25	23.75	263
7829	-41.25	22.75	263
7829	-40.25	21.75	263
7829	-40.25	21.25	263
7829	-41.25	20.25	263
7829	-41.75	20.25	263
7829	-41.75	20.75	263
7829	-41.25	21.25	263
7829	-41.25	21.75	263
7829	-42.25	22.75	263
7830	-32.25	32.75	263
7830	-32.25	33.25	263
7830	-31.75	33.25	263
7830	-31.75	32.75	263
7830	-32.25	32.75	263
7831	-23.75	41.25	263
7831	-23.75	41.75	263
7831	-23.25	42.25	263
7831	-22.75	42.25	263
7831	-22.75	41.75	263
7831	-23.25	41.25	263
7831	-23.75	41.25	263
7832	-19.25	46.25	263
7832	-19.25	45.75	263
7832	-18.75	45.75	263
7832	-18.75	46.25	263
7832	-19.25	46.25	263
7833	-17.25	47.75	263
7833	-17.25	48.25	263
7833	-16.75	48.25	263
7833	-16.25	47.75	263
7833	-16.25	47.25	263
7833	-16.75	47.25	263
7833	-17.25	47.75	263
7834	-44.75	19.25	263
7834	-44.75	19.75	263
7834	-44.25	19.75	263
7834	-44.25	19.25	263
7834	-44.75	19.25	263
7835	-37.75	26.25	263
7835	-37.75	26.75	263
7835	-37.25	26.75	263
7835	-37.25	26.25	263
7835	-37.75	26.25	263
7836	-34.75	29.25	263
7836	-34.75	29.75	263
7836	-34.25	29.75	263
7836	-34.25	29.25	263
7836	-34.75	29.25	263
7837	-33.25	30.75	263
7837	-33.25	31.25	263
7837	-32.75	31.25	263
7837	-31.75	30.25	263
7837	-31.75	29.75	263
7837	-32.25	29.75	263
7837	-33.25	30.75	263
7839	-30.75	33.25	263
7839	-30.75	33.75	263
7839	-30.25	33.75	263
7839	-30.25	33.25	263
7839	-30.75	33.25	263
7840	-17.75	46.25	263
7840	-17.75	46.75	263
7840	-17.25	46.75	263
7840	-17.25	46.25	263
7840	-17.75	46.25	263
7841	-15.25	48.75	263
7841	-15.25	49.25	263
7841	-14.75	49.25	263
7841	-14.75	48.75	263
7841	-15.25	48.75	263
7842	-36.75	26.75	263
7842	-36.75	25.25	263
7842	-36.25	25.25	263
7842	-36.25	26.75	263
7842	-36.75	26.75	263
7843	-35.25	27.75	263
7843	-35.25	28.25	263
7843	-34.25	28.25	263
7843	-33.75	28.75	263
7843	-33.75	29.75	263
7843	-33.25	29.75	263
7843	-33.25	28.25	263
7843	-34.75	26.75	263
7843	-35.25	26.75	263
7843	-35.25	27.75	263
7844	-22.25	40.75	263
7844	-22.25	41.25	263
7844	-21.75	41.75	263
7844	-21.25	41.75	263
7844	-21.25	40.25	263
7844	-21.75	40.25	263
7844	-22.25	40.75	263
7845	-19.75	43.25	263
7845	-19.75	43.75	263
7845	-19.25	44.25	263
7845	-18.25	44.25	263
7845	-18.25	45.25	263
7845	-17.75	45.25	263
7845	-17.75	43.75	263
7845	-18.75	42.75	263
7845	-19.25	42.75	263
7845	-19.75	43.25	263
7846	-14.25	49.25	263
7846	-14.25	48.75	263
7846	-13.75	48.75	263
7846	-13.75	49.25	263
7846	-14.25	49.25	263
7847	-38.75	23.25	263
7847	-38.75	23.75	263
7847	-38.25	23.75	263
7847	-38.25	23.25	263
7847	-38.75	23.25	263
7848	-23.25	38.75	263
7848	-23.25	39.25	263
7848	-22.75	39.75	263
7848	-22.25	39.75	263
7848	-22.25	39.25	263
7848	-22.75	38.75	263
7848	-23.25	38.75	263
7850	-20.75	41.75	263
7850	-20.75	41.25	263
7850	-20.25	41.25	263
7850	-20.25	41.75	263
7850	-20.75	41.75	263
7851	-16.75	45.25	263
7851	-16.75	45.75	263
7851	-16.25	45.75	263
7851	-16.25	45.25	263
7851	-16.75	45.25	263
7852	-41.75	18.25	263
7852	-41.75	18.75	263
7852	-41.25	18.75	263
7852	-41.25	18.25	263
7852	-41.75	18.25	263
7853	-38.25	21.75	263
7853	-38.25	22.25	263
7853	-37.75	22.25	263
7853	-37.75	21.75	263
7853	-38.25	21.75	263
7854	-33.25	26.75	263
7854	-33.25	27.25	263
7854	-32.75	27.25	263
7854	-32.75	25.75	263
7854	-33.25	25.75	263
7854	-33.25	26.75	263
7855	-44.25	14.75	263
7855	-44.25	15.25	263
7855	-43.75	15.25	263
7855	-43.75	13.75	263
7855	-44.25	13.25	263
7855	-44.75	13.25	263
7855	-44.75	13.75	263
7855	-44.25	14.25	263
7855	-44.25	14.75	263
7856	-36.25	22.75	263
7856	-36.25	23.25	263
7856	-35.75	23.25	263
7856	-35.75	22.75	263
7856	-36.25	22.75	263
7857	-34.25	24.75	263
7857	-34.25	25.25	263
7857	-33.75	25.25	263
7857	-33.75	24.75	263
7857	-34.25	24.75	263
7858	-28.25	30.75	263
7858	-28.25	31.25	263
7858	-27.75	31.25	263
7858	-27.75	30.75	263
7858	-28.25	30.75	263
7859	-21.75	37.25	263
7859	-21.75	37.75	263
7859	-21.25	38.25	263
7859	-20.75	38.25	263
7859	-20.75	37.75	263
7859	-21.25	37.25	263
7859	-21.75	37.25	263
7861	-17.25	41.75	263
7861	-17.25	42.25	263
7861	-16.75	42.25	263
7861	-16.75	41.75	263
7861	-17.25	41.75	263
7862	-36.25	20.75	263
7862	-36.25	21.25	263
7862	-35.75	21.25	263
7862	-35.75	20.75	263
7862	-36.25	20.75	263
7863	-26.75	30.25	263
7863	-26.75	30.75	263
7863	-26.25	31.25	263
7863	-25.75	31.25	263
7863	-25.75	30.75	263
7863	-26.25	30.25	263
7863	-26.25	29.75	263
7863	-25.75	29.75	263
7863	-25.25	30.25	263
7863	-24.25	30.25	263
7863	-23.25	31.25	263
7863	-23.25	32.25	263
7863	-22.25	32.25	263
7863	-22.25	33.25	263
7863	-21.25	34.25	263
7863	-20.75	34.25	263
7863	-20.25	33.75	263
7863	-20.25	33.25	263
7863	-21.25	33.25	263
7863	-21.75	32.75	263
7863	-21.75	32.25	263
7863	-21.25	31.75	263
7863	-21.25	31.25	263
7863	-22.25	31.25	263
7863	-22.25	30.75	263
7863	-20.75	29.25	263
7863	-20.75	28.75	263
7863	-21.75	27.75	263
7863	-22.25	27.75	263
7863	-22.75	28.25	263
7863	-22.75	28.75	263
7863	-21.75	28.75	263
7863	-21.75	29.25	263
7863	-22.25	29.75	263
7863	-22.75	29.75	263
7863	-23.25	29.25	263
7863	-24.25	29.25	263
7863	-24.75	28.75	263
7863	-26.25	28.75	263
7863	-26.75	29.25	263
7863	-26.75	30.25	263
7864	-9.75	47.25	263
7864	-9.75	47.75	263
7864	-9.25	47.75	263
7864	-9.25	47.25	263
7864	-9.75	47.25	263
7865	-45.25	10.75	263
7865	-45.25	11.25	263
7865	-44.25	11.25	263
7865	-43.75	11.75	263
7865	-43.75	12.75	263
7865	-43.25	12.75	263
7865	-42.25	11.75	263
7865	-42.25	10.75	263
7865	-40.25	10.75	263
7865	-40.25	10.25	263
7865	-40.75	9.75	263
7865	-40.75	9.25	263
7865	-39.25	9.25	263
7865	-39.25	10.25	263
7865	-37.75	10.25	263
7865	-36.75	9.25	263
7865	-36.75	8.75	263
7865	-37.25	8.75	263
7865	-37.75	9.25	263
7865	-38.25	9.25	263
7865	-39.75	7.75	263
7865	-40.75	7.75	263
7865	-40.75	6.75	263
7865	-41.25	6.25	263
7865	-41.25	5.25	263
7865	-41.75	4.75	263
7865	-41.75	3.75	263
7865	-42.25	3.75	263
7865	-42.75	4.25	263
7865	-42.75	5.25	263
7865	-43.25	5.25	263
7865	-44.25	4.25	263
7865	-44.75	4.25	263
7865	-45.25	4.75	263
7865	-45.25	10.75	263
7866	-40.25	15.75	263
7866	-40.25	16.25	263
7866	-39.25	16.25	263
7866	-38.75	16.75	263
7866	-38.75	17.75	263
7866	-38.25	17.75	263
7866	-38.25	15.75	263
7866	-37.75	15.25	263
7866	-37.75	14.75	263
7866	-38.25	14.75	263
7866	-38.75	15.25	263
7866	-39.25	15.25	263
7866	-39.75	14.75	263
7866	-40.25	14.75	263
7866	-40.25	15.75	263
7867	-37.75	18.25	263
7867	-37.75	18.75	263
7867	-37.25	18.75	263
7867	-37.25	18.25	263
7867	-37.75	18.25	263
7868	-30.25	25.75	263
7868	-30.25	26.25	263
7868	-29.75	26.25	263
7868	-29.75	25.25	263
7868	-29.25	25.25	263
7868	-28.75	25.75	263
7868	-28.75	26.25	263
7868	-29.25	26.75	263
7868	-29.25	27.25	263
7868	-27.25	27.25	263
7868	-27.25	28.25	263
7868	-26.75	28.25	263
7868	-26.75	27.25	263
7868	-25.75	27.25	263
7868	-25.75	26.25	263
7868	-24.75	25.25	263
7868	-24.75	24.75	263
7868	-25.25	24.75	263
7868	-26.75	26.25	263
7868	-27.25	26.25	263
7868	-27.25	25.25	263
7868	-28.25	25.25	263
7868	-28.25	23.75	263
7868	-27.75	23.75	263
7868	-26.75	24.75	263
7868	-26.25	24.75	263
7868	-26.25	24.25	263
7868	-27.25	23.25	263
7868	-27.25	22.25	263
7868	-27.75	21.75	263
7868	-28.75	21.75	263
7868	-28.75	21.25	263
7868	-28.25	20.75	263
7868	-28.25	20.25	263
7868	-28.75	19.75	263
7868	-30.25	19.75	263
7868	-30.25	20.75	263
7868	-31.75	22.25	263
7868	-32.25	22.25	263
7868	-32.25	21.75	263
7868	-31.75	21.25	263
7868	-31.75	19.75	263
7868	-32.75	18.75	263
7868	-32.75	18.25	263
7868	-31.75	18.25	263
7868	-31.75	16.75	263
7868	-32.25	16.25	263
7868	-34.75	16.25	263
7868	-35.25	16.75	263
7868	-35.25	17.25	263
7868	-34.75	17.75	263
7868	-33.75	17.75	263
7868	-33.75	18.75	263
7868	-33.25	19.25	263
7868	-33.25	20.25	263
7868	-32.75	20.75	263
7868	-32.75	21.25	263
7868	-33.25	21.75	263
7868	-33.25	22.25	263
7868	-30.25	25.25	263
7868	-30.25	25.75	263
7869	-24.25	31.75	263
7869	-24.25	32.25	263
7869	-23.75	32.25	263
7869	-23.75	31.75	263
7869	-24.25	31.75	263
7870	-14.25	41.75	263
7870	-14.25	42.25	263
7870	-13.25	43.25	263
7870	-12.75	43.25	263
7870	-11.75	42.25	263
7870	-11.75	41.75	263
7870	-13.75	41.75	263
7870	-13.75	41.25	263
7870	-13.25	40.75	263
7870	-13.25	40.25	263
7870	-13.75	39.75	263
7870	-13.75	38.75	263
7870	-14.75	37.75	263
7870	-16.25	37.75	263
7870	-16.25	39.25	263
7870	-15.75	39.25	263
7870	-15.25	38.75	263
7870	-14.75	38.75	263
7870	-14.75	40.75	263
7870	-14.25	41.25	263
7870	-14.25	41.75	263
7872	-10.75	45.25	263
7872	-10.75	45.75	263
7872	-10.25	45.75	263
7872	-9.25	44.75	263
7872	-9.25	44.25	263
7872	-10.25	44.25	263
7872	-10.75	43.75	263
7872	-11.25	43.75	263
7872	-11.25	44.25	263
7872	-10.75	44.75	263
7872	-10.75	45.25	263
7873	-8.75	47.75	263
7873	-8.75	46.25	263
7873	-8.25	46.25	263
7873	-8.25	47.75	263
7873	-8.75	47.75	263
7874	-42.25	12.75	263
7874	-42.25	13.25	263
7874	-41.75	13.75	263
7874	-41.25	13.75	263
7874	-41.25	13.25	263
7874	-41.75	12.75	263
7874	-42.25	12.75	263
7875	-35.25	19.75	263
7875	-35.25	20.25	263
7875	-34.75	20.25	263
7875	-34.75	19.75	263
7875	-35.25	19.75	263
7876	-19.25	35.75	263
7876	-19.25	36.25	263
7876	-18.75	36.75	263
7876	-18.25	36.75	263
7876	-18.25	36.25	263
7876	-18.75	35.75	263
7876	-18.75	35.25	263
7876	-18.25	34.75	263
7876	-16.75	34.75	263
7876	-15.75	35.75	263
7876	-15.75	36.75	263
7876	-15.25	36.75	263
7876	-14.25	35.75	263
7876	-14.25	33.25	263
7876	-14.75	32.75	263
7876	-16.75	32.75	263
7876	-16.75	32.25	263
7876	-16.25	31.75	263
7876	-16.25	31.25	263
7876	-16.75	31.25	263
7876	-17.25	31.75	263
7876	-18.25	31.75	263
7876	-18.25	32.75	263
7876	-18.75	33.25	263
7876	-18.75	34.25	263
7876	-19.75	34.25	263
7876	-19.75	34.75	263
7876	-19.25	35.25	263
7876	-19.25	35.75	263
7877	-17.25	37.75	263
7877	-17.25	38.25	263
7877	-16.75	38.25	263
7877	-16.75	37.75	263
7877	-17.25	37.75	263
7878	-45.25	1.75	263
7878	-45.25	2.25	263
7878	-43.75	2.25	263
7878	-43.75	1.25	263
7878	-43.25	0.75	263
7878	-41.75	0.75	263
7878	-41.75	2.75	263
7878	-40.75	2.75	263
7878	-40.75	3.75	263
7878	-39.25	5.25	263
7878	-38.75	5.25	263
7878	-38.75	3.25	263
7878	-38.25	2.75	263
7878	-38.25	2.25	263
7878	-38.75	2.25	263
7878	-39.25	2.75	263
7878	-39.75	2.75	263
7878	-39.75	1.25	263
7878	-39.25	0.75	263
7878	-39.25	0.25	263
7878	-40.25	0.25	263
7878	-40.25	-0.75	263
7878	-40.75	-1.25	263
7878	-45.25	-1.25	263
7878	-45.25	1.75	263
6522	-45.25	32.75	228
6522	-45.25	33.25	228
6522	-44.75	33.25	228
6522	-44.75	32.75	228
6522	-45.25	32.75	228
6533	-43.75	33.25	228
6533	-43.75	33.75	228
6533	-43.25	33.75	228
6533	-42.25	32.75	228
6533	-42.25	31.25	228
6533	-43.75	29.75	228
6533	-44.25	29.75	228
6533	-44.25	30.25	228
6533	-42.75	31.75	228
6533	-42.75	32.25	228
6533	-43.25	32.25	228
6533	-43.75	31.75	228
6533	-44.25	31.75	228
6533	-44.25	32.25	228
6533	-43.75	32.75	228
6533	-43.75	33.25	228
6544	-39.75	37.25	228
6544	-39.75	37.75	228
6544	-38.75	37.75	228
6544	-38.25	38.25	228
6544	-37.75	38.25	228
6544	-37.25	37.75	228
6544	-37.25	36.25	228
6544	-37.75	35.75	228
6544	-38.25	35.75	228
6544	-38.25	36.25	228
6544	-37.75	36.75	228
6544	-37.75	37.25	228
6544	-38.25	37.25	228
6544	-38.75	36.75	228
6544	-39.25	36.75	228
6544	-39.75	37.25	228
6555	-34.75	42.25	228
6555	-34.75	42.75	228
6555	-33.25	42.75	228
6555	-33.25	41.25	228
6555	-34.75	41.25	228
6555	-34.75	42.25	228
6566	-29.75	47.25	228
6566	-29.75	47.75	228
6566	-28.25	49.25	228
6566	-27.75	49.25	228
6566	-27.75	47.75	228
6566	-28.25	47.25	228
6566	-29.75	47.25	228
6577	-37.25	38.75	228
6577	-37.25	39.25	228
6577	-36.75	39.75	228
6577	-36.25	39.75	228
6577	-36.25	39.25	228
6577	-36.75	38.75	228
6577	-37.25	38.75	228
6588	-35.75	40.25	228
6588	-35.75	40.75	228
6588	-35.25	40.75	228
6588	-35.25	39.25	228
6588	-35.75	39.25	228
6588	-35.75	40.25	228
6599	-27.25	49.25	228
6599	-27.25	48.75	228
6599	-26.75	48.75	228
6599	-26.75	49.25	228
6599	-27.25	49.25	228
6607	-26.25	49.25	228
6607	-26.25	48.75	228
6607	-25.75	48.75	228
6607	-25.75	49.25	228
6607	-26.25	49.25	228
6523	-45.25	28.75	228
6523	-45.25	29.25	228
6523	-44.75	29.25	228
6523	-44.75	28.75	228
6523	-45.25	28.75	228
6524	-36.25	37.75	228
6524	-36.25	38.25	228
6524	-35.75	38.25	228
6524	-35.75	37.75	228
6524	-36.25	37.75	228
6525	-34.75	39.75	228
6525	-34.75	39.25	228
6525	-34.25	39.25	228
6525	-34.25	39.75	228
6525	-34.75	39.75	228
6526	-32.75	41.75	228
6526	-32.75	41.25	228
6526	-32.25	41.25	228
6526	-31.25	42.25	228
6526	-31.25	42.75	228
6526	-31.75	42.75	228
6526	-32.75	41.75	228
6527	-27.25	46.75	228
6527	-27.25	47.25	228
6527	-26.75	47.25	228
6527	-26.75	46.75	228
6527	-27.25	46.75	228
6528	-45.25	26.75	228
6528	-45.25	27.25	228
6528	-42.75	29.75	228
6528	-42.25	29.75	228
6528	-42.25	28.75	228
6528	-41.75	28.75	228
6528	-41.25	29.25	228
6528	-40.75	29.25	228
6528	-40.25	28.75	228
6528	-39.75	28.75	228
6528	-39.75	29.25	228
6528	-40.25	29.75	228
6528	-40.25	30.25	228
6528	-39.75	30.25	228
6528	-38.25	28.75	228
6528	-38.25	28.25	228
6528	-39.25	28.25	228
6528	-40.25	27.25	228
6528	-40.75	27.25	228
6528	-41.25	27.75	228
6528	-41.75	27.75	228
6528	-41.75	27.25	228
6528	-41.25	26.75	228
6528	-41.25	26.25	228
6528	-42.25	26.25	228
6528	-42.25	25.75	228
6528	-41.75	25.25	228
6528	-41.75	24.75	228
6528	-42.75	24.75	228
6528	-42.75	22.75	228
6528	-43.25	22.75	228
6528	-43.75	23.25	228
6528	-44.75	23.25	228
6528	-45.25	23.75	228
6528	-45.25	26.75	228
6529	-37.25	34.75	228
6529	-37.25	35.25	228
6529	-36.75	35.75	228
6529	-35.75	35.75	228
6529	-34.75	36.75	228
6529	-34.75	37.75	228
6529	-30.25	42.25	228
6529	-27.75	42.25	228
6529	-27.25	41.75	228
6529	-26.75	41.75	228
6529	-26.25	42.25	228
6529	-25.75	42.25	228
6529	-25.25	41.75	228
6529	-25.25	41.25	228
6529	-26.25	41.25	228
6529	-27.25	40.25	228
6529	-28.75	40.25	228
6529	-28.75	41.25	228
6529	-29.25	41.25	228
6529	-29.75	40.75	228
6529	-29.75	40.25	228
6529	-28.75	39.25	228
6529	-28.75	38.75	228
6529	-29.75	37.75	228
6529	-29.75	36.75	228
6529	-30.25	36.25	228
6529	-32.25	36.25	228
6529	-32.25	35.25	228
6529	-33.25	34.25	228
6529	-33.25	33.25	228
6529	-34.25	32.25	228
6529	-34.75	32.25	228
6529	-35.25	32.75	228
6529	-35.75	32.75	228
6529	-36.25	32.25	228
6529	-36.75	32.25	228
6529	-36.75	33.25	228
6529	-37.25	33.75	228
6529	-37.25	34.75	228
6530	-26.25	45.75	228
6530	-26.25	46.25	228
6530	-23.25	49.25	228
6530	-19.75	49.25	228
6530	-19.75	48.75	228
6530	-20.25	48.25	228
6530	-20.25	47.75	228
6530	-19.75	47.25	228
6530	-19.75	46.75	228
6530	-20.25	46.75	228
6530	-20.75	47.25	228
6530	-21.25	47.25	228
6530	-21.25	46.25	228
6530	-22.75	44.75	228
6530	-23.75	44.75	228
6530	-23.75	43.75	228
6530	-24.25	43.75	228
6530	-26.25	45.75	228
6531	-33.25	37.75	228
6531	-33.25	38.25	228
6531	-32.75	38.25	228
6531	-32.75	37.75	228
6531	-33.25	37.75	228
6532	-34.75	33.25	228
6532	-34.75	33.75	228
6532	-34.25	33.75	228
6532	-34.25	33.25	228
6532	-34.75	33.25	228
6534	-30.75	37.25	228
6534	-30.75	37.75	228
6534	-30.25	37.75	228
6534	-30.25	37.25	228
6534	-30.75	37.25	228
6535	-19.25	49.25	228
6535	-19.25	48.75	228
6535	-18.75	48.75	228
6535	-18.75	49.25	228
6535	-19.25	49.25	228
6536	-32.25	33.75	228
6536	-32.25	34.25	228
6536	-31.75	34.25	228
6536	-31.75	33.75	228
6536	-32.25	33.75	228
6537	-28.25	37.75	228
6537	-28.25	38.25	228
6537	-27.75	38.25	228
6537	-27.75	37.75	228
6537	-28.25	37.75	228
6538	-41.25	22.75	228
6538	-41.25	23.25	228
6538	-40.75	23.25	228
6538	-40.25	22.75	228
6538	-40.25	22.25	228
6538	-40.75	22.25	228
6538	-41.25	22.75	228
6539	-39.75	24.25	228
6539	-39.75	24.75	228
6539	-39.25	24.75	228
6539	-39.25	24.25	228
6539	-39.75	24.25	228
6540	-32.75	31.25	228
6540	-32.75	31.75	228
6540	-32.25	31.75	228
6540	-32.25	31.25	228
6540	-32.75	31.25	228
6541	-39.75	22.75	228
6541	-39.75	22.25	228
6541	-39.25	22.25	228
6541	-38.75	22.75	228
6541	-38.75	23.25	228
6541	-39.25	23.25	228
6541	-39.75	22.75	228
6542	-38.25	23.75	228
6542	-38.25	24.25	228
6542	-37.75	24.25	228
6542	-37.75	23.75	228
6542	-38.25	23.75	228
6543	-30.25	31.75	228
6543	-30.25	32.25	228
6543	-29.75	32.25	228
6543	-29.75	31.75	228
6543	-30.25	31.75	228
6545	-28.25	33.75	228
6545	-28.25	34.25	228
6545	-27.75	34.25	228
6545	-27.75	33.75	228
6545	-28.25	33.75	228
6546	-16.25	45.75	228
6546	-16.25	46.25	228
6546	-15.75	46.25	228
6546	-15.75	45.75	228
6546	-16.25	45.75	228
6547	-13.25	48.75	228
6547	-13.25	49.25	228
6547	-12.75	49.25	228
6547	-12.75	48.75	228
6547	-13.25	48.75	228
6548	-25.75	35.25	228
6548	-25.75	35.75	228
6548	-25.25	35.75	228
6548	-25.25	35.25	228
6548	-25.75	35.25	228
6549	-39.75	19.25	228
6549	-39.75	19.75	228
6549	-39.25	20.25	228
6549	-38.75	20.25	228
6549	-38.75	19.75	228
6549	-39.25	19.25	228
6549	-39.75	19.25	228
6550	-21.75	36.25	228
6550	-21.75	36.75	228
6550	-21.25	36.75	228
6550	-21.25	36.25	228
6550	-21.75	36.25	228
6551	-27.75	29.25	228
6551	-27.75	29.75	228
6551	-27.25	29.75	228
6551	-27.25	29.25	228
6551	-27.75	29.25	228
6552	-15.75	41.25	228
6552	-15.75	41.75	228
6552	-15.25	41.75	228
6552	-15.25	41.25	228
6552	-15.75	41.25	228
6553	-13.25	43.75	228
6553	-13.25	44.25	228
6553	-12.75	44.25	228
6553	-12.75	43.75	228
6553	-13.25	43.75	228
6554	-37.25	18.75	228
6554	-37.25	19.25	228
6554	-36.75	19.75	228
6554	-34.75	19.75	228
6554	-34.75	20.25	228
6554	-35.25	20.75	228
6554	-35.25	21.25	228
6554	-34.75	21.25	228
6554	-34.25	20.75	228
6554	-33.75	20.75	228
6554	-33.25	21.25	228
6554	-32.75	21.25	228
6554	-32.75	20.75	228
6554	-33.25	20.25	228
6554	-33.25	19.25	228
6554	-33.75	18.75	228
6554	-33.75	17.75	228
6554	-34.75	17.75	228
6554	-35.25	17.25	228
6554	-35.25	16.75	228
6554	-34.75	16.25	228
6554	-32.25	16.25	228
6554	-31.75	16.75	228
6554	-31.75	18.25	228
6554	-32.75	18.25	228
6554	-32.75	18.75	228
6554	-31.75	19.75	228
6554	-31.75	21.25	228
6554	-32.25	21.75	228
6554	-32.25	22.25	228
6554	-31.75	22.25	228
6554	-30.25	20.75	228
6554	-30.25	19.75	228
6554	-28.75	19.75	228
6554	-28.25	20.25	228
6554	-28.25	20.75	228
6554	-28.75	21.25	228
6554	-28.75	21.75	228
6554	-27.75	21.75	228
6554	-27.25	22.25	228
6554	-27.25	23.25	228
6554	-26.25	24.25	228
6554	-26.25	24.75	228
6554	-26.75	24.75	228
6554	-27.75	23.75	228
6554	-28.25	23.75	228
6554	-28.25	24.25	228
6554	-27.25	25.25	228
6554	-27.25	26.25	228
6554	-26.75	26.25	228
6554	-25.25	24.75	228
6554	-24.75	24.75	228
6554	-24.75	25.25	228
6554	-25.75	26.25	228
6554	-25.75	27.25	228
6554	-26.75	27.25	228
6554	-26.75	28.75	228
6554	-24.75	28.75	228
6554	-24.25	29.25	228
6554	-23.25	29.25	228
6554	-22.75	29.75	228
6554	-22.25	29.75	228
6554	-21.75	29.25	228
6554	-21.75	28.75	228
6554	-22.75	28.75	228
6554	-22.75	28.25	228
6554	-22.25	27.75	228
6554	-21.75	27.75	228
6554	-20.75	28.75	228
6554	-20.75	29.25	228
6554	-22.25	30.75	228
6554	-22.25	31.25	228
6554	-21.75	31.25	228
6554	-21.25	30.75	228
6554	-20.25	30.75	228
6554	-19.25	29.75	228
6554	-19.25	28.75	228
6554	-18.75	28.25	228
6554	-18.75	27.75	228
6554	-19.25	27.75	228
6554	-19.75	28.25	228
6554	-20.25	28.25	228
6554	-21.25	27.25	228
6554	-21.25	26.25	228
6554	-22.75	24.75	228
6554	-23.75	24.75	228
6554	-24.25	24.25	228
6554	-24.25	23.25	228
6554	-25.25	22.25	228
6554	-25.25	21.25	228
6554	-25.75	20.75	228
6554	-25.75	20.25	228
6554	-25.25	19.75	228
6554	-25.25	18.25	228
6554	-25.75	17.75	228
6554	-25.75	15.25	228
6554	-25.25	15.25	228
6554	-24.75	15.75	228
6554	-24.75	16.75	228
6554	-24.25	16.75	228
6554	-23.75	16.25	228
6554	-23.25	16.25	228
6554	-22.75	16.75	228
6554	-22.75	17.25	228
6554	-23.75	17.25	228
6554	-23.75	18.75	228
6554	-23.25	18.75	228
6554	-22.75	18.25	228
6554	-22.25	18.25	228
6554	-22.25	19.25	228
6554	-20.75	19.25	228
6554	-20.25	18.75	228
6554	-20.25	16.75	228
6554	-19.75	16.25	228
6554	-19.25	16.25	228
6554	-18.75	16.75	228
6554	-17.75	16.75	228
6554	-17.25	17.25	228
6554	-17.25	17.75	228
6554	-18.25	18.75	228
6554	-19.25	18.75	228
6554	-19.75	19.25	228
6554	-19.75	19.75	228
6554	-19.25	20.25	228
6554	-19.25	22.25	228
6554	-18.75	22.75	228
6554	-17.25	22.75	228
6554	-16.75	22.25	228
6554	-16.75	21.25	228
6554	-15.75	20.25	228
6554	-15.25	20.25	228
6554	-14.75	20.75	228
6554	-14.25	20.75	228
6554	-14.25	19.75	228
6554	-13.75	19.25	228
6554	-13.75	18.75	228
6554	-14.25	18.25	228
6554	-14.25	17.75	228
6554	-12.75	17.75	228
6554	-12.75	20.25	228
6554	-13.75	21.25	228
6554	-13.75	22.25	228
6554	-14.25	22.25	228
6554	-14.75	21.75	228
6554	-15.25	21.75	228
6554	-15.25	22.25	228
6554	-14.25	23.25	228
6554	-12.75	23.25	228
6554	-12.25	22.75	228
6554	-11.75	22.75	228
6554	-10.75	23.75	228
6554	-9.75	23.75	228
6554	-9.25	24.25	228
6554	-9.25	24.75	228
6554	-10.25	25.75	228
6554	-10.75	25.75	228
6554	-11.25	25.25	228
6554	-11.75	25.25	228
6554	-12.75	26.25	228
6554	-13.75	26.25	228
6554	-14.25	26.75	228
6554	-15.25	26.75	228
6554	-15.25	27.25	228
6554	-14.75	27.75	228
6554	-11.75	27.75	228
6554	-10.75	28.75	228
6554	-10.75	29.75	228
6554	-10.25	30.25	228
6554	-9.75	30.25	228
6554	-9.25	29.75	228
6554	-7.75	29.75	228
6554	-7.25	30.25	228
6554	-7.25	30.75	228
6554	-8.25	30.75	228
6554	-8.25	31.75	228
6554	-8.75	31.75	228
6554	-9.25	31.25	228
6554	-9.75	31.25	228
6554	-9.75	32.25	228
6554	-10.25	32.75	228
6554	-10.25	33.75	228
6554	-11.25	33.75	228
6554	-11.25	34.25	228
6554	-10.75	34.75	228
6554	-10.25	34.75	228
6554	-9.25	33.75	228
6554	-8.75	33.75	228
6554	-8.75	35.25	228
6554	-9.75	35.25	228
6554	-10.25	35.75	228
6554	-11.25	35.75	228
6554	-11.75	36.25	228
6554	-12.25	36.25	228
6554	-12.25	34.25	228
6554	-14.25	32.25	228
6554	-14.75	32.25	228
6554	-14.75	32.75	228
6554	-14.25	33.25	228
6554	-14.25	35.75	228
6554	-15.25	36.75	228
6554	-15.75	36.75	228
6554	-15.75	35.75	228
6554	-16.75	34.75	228
6554	-18.25	34.75	228
6554	-18.75	35.25	228
6554	-18.75	35.75	228
6554	-18.25	36.25	228
6554	-18.25	36.75	228
6554	-18.75	37.25	228
6554	-18.75	37.75	228
6554	-14.75	37.75	228
6554	-13.75	38.75	228
6554	-13.75	39.75	228
6554	-13.25	40.25	228
6554	-13.25	41.25	228
6554	-12.75	41.75	228
6554	-11.75	41.75	228
6554	-11.75	42.25	228
6554	-12.25	42.75	228
6554	-12.25	43.25	228
6554	-11.25	43.25	228
6554	-10.25	44.25	228
6554	-9.25	44.25	228
6554	-9.25	44.75	228
6554	-9.75	45.25	228
6554	-9.75	45.75	228
6554	-8.75	45.75	228
6554	-8.25	46.25	228
6554	-8.25	48.25	228
6554	-7.75	48.75	228
6554	-7.25	48.75	228
6554	-7.25	48.25	228
6554	-7.75	47.75	228
6554	-7.75	47.25	228
6554	-7.25	47.25	228
6554	-6.75	47.75	228
6554	-6.75	48.75	228
6554	-5.75	48.75	228
6554	-5.25	49.25	228
6554	5.25	49.25	228
6554	5.25	45.75	228
6554	4.75	45.75	228
6554	3.25	47.25	228
6554	2.75	47.25	228
6554	1.75	46.25	228
6554	1.75	44.75	228
6554	2.25	44.25	228
6554	2.75	44.25	228
6554	2.75	45.25	228
6554	4.25	45.25	228
6554	4.25	44.75	228
6554	2.25	42.75	228
6554	1.75	42.75	228
6554	1.25	43.25	228
6554	0.75	43.25	228
6554	0.25	42.75	228
6554	0.25	41.75	228
6554	-0.75	41.75	228
6554	-0.75	40.25	228
6554	0.25	40.25	228
6554	0.75	39.75	228
6554	0.75	39.25	228
6554	-0.25	38.25	228
6554	-0.25	37.75	228
6554	0.25	37.75	228
6554	0.75	38.25	228
6554	1.75	38.25	228
6554	2.25	38.75	228
6554	3.25	38.75	228
6554	3.75	39.25	228
6554	4.75	39.25	228
6554	4.75	40.25	228
6554	5.25	40.25	228
6554	5.25	33.75	228
6554	4.75	33.25	228
6554	3.75	33.25	228
6554	2.75	32.25	228
6554	2.25	32.25	228
6554	1.25	33.25	228
6554	0.25	33.25	228
6554	0.25	34.25	228
6554	-0.75	35.25	228
6554	-2.25	35.25	228
6554	-3.75	33.75	228
6554	-3.75	32.25	228
6554	-3.25	32.25	228
6554	-2.75	32.75	228
6554	-2.25	32.75	228
6554	-2.25	31.75	228
6554	-1.25	30.75	228
6554	-1.25	30.25	228
6554	-1.75	30.25	228
6554	-2.25	30.75	228
6554	-2.75	30.75	228
6554	-2.75	29.75	228
6554	-3.25	29.75	228
6554	-3.75	30.25	228
6554	-4.75	30.25	228
6554	-4.75	32.25	228
6554	-5.25	32.75	228
6554	-5.75	32.75	228
6554	-6.25	32.25	228
6554	-6.25	31.75	228
6554	-5.75	31.25	228
6554	-5.75	30.25	228
6554	-5.25	29.75	228
6554	-5.25	29.25	228
6554	-6.25	29.25	228
6554	-6.25	26.75	228
6554	-5.75	26.25	228
6554	-4.25	26.25	228
6554	-4.25	26.75	228
6554	-5.25	27.75	228
6554	-5.25	28.25	228
6554	-4.75	28.75	228
6554	-4.25	28.75	228
6554	-3.75	28.25	228
6554	-3.75	27.25	228
6554	-2.75	27.25	228
6554	-2.25	26.75	228
6554	-2.25	25.75	228
6554	-1.75	25.75	228
6554	-0.25	27.25	228
6554	0.25	27.25	228
6554	0.25	26.25	228
6554	1.75	26.25	228
6554	1.75	26.75	228
6554	1.25	27.25	228
6554	1.25	27.75	228
6554	2.25	27.75	228
6554	4.25	29.75	228
6554	4.25	30.25	228
6554	3.25	30.25	228
6554	3.25	31.75	228
6554	3.75	32.25	228
6554	4.25	32.25	228
6554	4.25	31.25	228
6554	5.25	31.25	228
6554	5.25	20.75	228
6554	4.25	20.75	228
6554	4.25	19.25	228
6554	4.75	18.75	228
6554	4.75	17.75	228
6554	5.25	17.25	228
6554	5.25	16.75	228
6554	4.25	16.75	228
6554	3.75	16.25	228
6554	3.75	15.75	228
6554	4.75	15.75	228
6554	5.25	15.25	228
6554	5.25	13.75	228
6554	3.75	13.75	228
6554	3.25	14.25	228
6554	3.25	15.25	228
6554	2.75	15.75	228
6554	0.75	15.75	228
6554	0.75	16.75	228
6554	0.25	17.25	228
6554	-0.25	17.25	228
6554	-0.75	16.75	228
6554	-0.75	15.75	228
6554	-1.75	15.75	228
6554	-1.75	15.25	228
6554	-0.25	13.75	228
6554	-0.25	13.25	228
6554	-0.75	12.75	228
6554	-2.75	12.75	228
6554	-2.75	12.25	228
6554	-1.75	11.25	228
6554	-1.75	9.75	228
6554	-2.25	9.75	228
6554	-2.75	10.25	228
6554	-2.75	11.25	228
6554	-3.25	11.75	228
6554	-4.25	11.75	228
6554	-4.25	12.25	228
6554	-3.25	13.25	228
6554	-3.25	13.75	228
6554	-3.75	14.25	228
6554	-4.75	14.25	228
6554	-5.25	14.75	228
6554	-5.75	14.75	228
6554	-6.25	14.25	228
6554	-6.75	14.25	228
6554	-7.25	14.75	228
6554	-7.75	14.75	228
6554	-8.25	14.25	228
6554	-8.25	13.75	228
6554	-7.75	13.25	228
6554	-6.75	13.25	228
6554	-6.75	12.75	228
6554	-7.25	12.25	228
6554	-7.25	11.25	228
6554	-8.75	9.75	228
6554	-9.75	9.75	228
6554	-9.75	8.25	228
6554	-8.25	6.75	228
6554	-8.25	5.75	228
6554	-7.75	5.25	228
6554	-6.75	5.25	228
6554	-6.75	4.75	228
6554	-7.75	3.75	228
6554	-8.75	3.75	228
6554	-8.75	3.25	228
6554	-7.75	2.25	228
6554	-6.75	2.25	228
6554	-6.25	1.75	228
6554	-6.25	1.25	228
6554	-7.25	1.25	228
6554	-7.25	0.25	228
6554	-9.25	0.25	228
6554	-9.25	-0.75	228
6554	-9.75	-1.25	228
6554	-14.25	-1.25	228
6554	-14.25	-0.25	228
6554	-14.75	0.25	228
6554	-15.25	0.25	228
6554	-15.75	-0.25	228
6554	-16.25	-0.25	228
6554	-16.75	0.25	228
6554	-16.75	0.75	228
6554	-16.25	1.25	228
6554	-15.25	1.25	228
6554	-14.75	1.75	228
6554	-14.75	3.25	228
6554	-15.25	3.25	228
6554	-15.75	2.75	228
6554	-17.75	2.75	228
6554	-18.25	2.25	228
6554	-18.25	1.75	228
6554	-17.75	1.25	228
6554	-17.75	0.75	228
6554	-19.25	0.75	228
6554	-19.25	3.25	228
6554	-18.25	3.25	228
6554	-18.25	3.75	228
6554	-18.75	4.25	228
6554	-18.75	4.75	228
6554	-18.25	5.25	228
6554	-18.25	5.75	228
6554	-18.75	6.25	228
6554	-19.25	6.25	228
6554	-19.25	5.25	228
6554	-20.75	3.75	228
6554	-21.25	3.75	228
6554	-21.25	4.75	228
6554	-21.75	5.25	228
6554	-22.25	5.25	228
6554	-22.25	4.25	228
6554	-22.75	4.25	228
6554	-23.25	4.75	228
6554	-23.25	5.25	228
6554	-22.75	5.75	228
6554	-22.75	6.25	228
6554	-23.25	6.75	228
6554	-23.75	6.75	228
6554	-24.25	6.25	228
6554	-24.25	5.25	228
6554	-26.25	3.25	228
6554	-26.25	2.75	228
6554	-25.75	2.25	228
6554	-25.25	2.25	228
6554	-25.25	3.25	228
6554	-24.25	3.25	228
6554	-24.25	4.25	228
6554	-23.75	4.25	228
6554	-23.25	3.75	228
6554	-23.25	2.75	228
6554	-22.75	2.25	228
6554	-21.75	2.25	228
6554	-21.75	1.75	228
6554	-22.25	1.25	228
6554	-22.25	0.75	228
6554	-21.75	0.25	228
6554	-21.75	-1.25	228
6554	-32.25	-1.25	228
6554	-33.25	-0.25	228
6554	-34.25	-0.25	228
6554	-34.25	0.75	228
6554	-35.25	1.75	228
6554	-35.75	1.75	228
6554	-36.25	1.25	228
6554	-36.75	1.25	228
6554	-37.25	1.75	228
6554	-37.25	2.25	228
6554	-36.25	2.25	228
6554	-36.25	2.75	228
6554	-37.25	3.75	228
6554	-37.25	4.25	228
6554	-36.75	4.25	228
6554	-36.25	3.75	228
6554	-35.25	3.75	228
6554	-35.25	2.75	228
6554	-34.75	2.25	228
6554	-32.75	2.25	228
6554	-31.75	1.25	228
6554	-31.75	0.25	228
6554	-31.25	0.25	228
6554	-30.25	1.25	228
6554	-30.25	1.75	228
6554	-31.25	1.75	228
6554	-32.25	2.75	228
6554	-32.25	3.25	228
6554	-31.25	3.25	228
6554	-31.25	4.25	228
6554	-30.75	4.75	228
6554	-30.75	5.25	228
6554	-31.25	5.75	228
6554	-31.25	6.25	228
6554	-30.25	6.25	228
6554	-29.75	6.75	228
6554	-29.75	7.25	228
6554	-30.75	7.25	228
6554	-31.25	7.75	228
6554	-32.25	7.75	228
6554	-32.75	8.25	228
6554	-32.75	8.75	228
6554	-32.25	9.25	228
6554	-32.25	9.75	228
6554	-33.25	9.75	228
6554	-33.25	11.75	228
6554	-34.25	11.75	228
6554	-34.25	12.75	228
6554	-34.75	12.75	228
6554	-35.25	12.25	228
6554	-35.75	12.25	228
6554	-35.75	13.25	228
6554	-36.25	13.25	228
6554	-36.75	12.75	228
6554	-36.75	12.25	228
6554	-36.25	11.75	228
6554	-36.25	11.25	228
6554	-36.75	11.25	228
6554	-37.25	11.75	228
6554	-37.75	11.75	228
6554	-38.25	11.25	228
6554	-38.75	11.25	228
6554	-38.75	11.75	228
6554	-36.25	14.25	228
6554	-36.25	15.75	228
6554	-36.75	16.25	228
6554	-37.25	16.25	228
6554	-37.25	15.25	228
6554	-37.75	15.25	228
6554	-38.25	15.75	228
6554	-38.25	17.25	228
6554	-37.25	18.25	228
6554	-37.25	18.75	228
6556	-33.75	22.25	228
6556	-33.75	22.75	228
6556	-33.25	22.75	228
6556	-33.25	22.25	228
6556	-33.75	22.25	228
6557	-20.75	35.25	228
6557	-20.75	35.75	228
6557	-20.25	35.75	228
6557	-19.75	35.25	228
6557	-19.75	34.25	228
6557	-18.75	34.25	228
6557	-18.75	32.75	228
6557	-20.25	32.75	228
6557	-20.25	34.75	228
6557	-20.75	35.25	228
6558	-16.75	39.25	228
6558	-16.75	39.75	228
6558	-16.25	40.25	228
6558	-15.75	40.25	228
6558	-15.75	39.75	228
6558	-16.25	39.25	228
6558	-16.75	39.25	228
6559	-24.75	30.25	228
6559	-24.75	30.75	228
6559	-24.25	30.75	228
6559	-24.25	30.25	228
6559	-24.75	30.25	228
6560	-15.25	38.75	228
6560	-15.25	39.25	228
6560	-14.75	39.25	228
6560	-14.75	38.75	228
6560	-15.25	38.75	228
6561	-1.25	47.75	228
6561	-1.25	48.25	228
6561	-0.75	48.25	228
6561	-0.75	47.75	228
6561	-1.25	47.75	228
6562	-31.75	14.25	228
6562	-31.75	14.75	228
6562	-31.25	14.75	228
6562	-30.75	14.25	228
6562	-29.25	14.25	228
6562	-28.75	14.75	228
6562	-27.25	14.75	228
6562	-27.25	13.75	228
6562	-26.25	13.75	228
6562	-26.25	12.75	228
6562	-25.25	12.75	228
6562	-24.75	12.25	228
6562	-24.75	10.25	228
6562	-23.75	9.25	228
6562	-23.75	8.75	228
6562	-26.75	8.75	228
6562	-27.75	7.75	228
6562	-28.25	7.75	228
6562	-28.25	8.25	228
6562	-27.75	8.75	228
6562	-27.75	9.25	228
6562	-28.25	9.75	228
6562	-28.25	10.25	228
6562	-27.75	10.75	228
6562	-27.75	12.25	228
6562	-28.25	12.75	228
6562	-29.25	12.75	228
6562	-29.75	13.25	228
6562	-30.25	13.25	228
6562	-30.75	12.75	228
6562	-31.25	12.75	228
6562	-31.25	13.75	228
6562	-31.75	14.25	228
6563	-17.25	-1.25	228
6563	-17.25	-0.75	228
6563	-16.75	-0.75	228
6563	-16.75	-1.25	228
6563	-17.25	-1.25	228
6564	-6.25	-1.25	228
6564	-6.25	-0.75	228
6564	-5.75	-0.75	228
6564	-5.75	-1.25	228
6564	-6.25	-1.25	228
6565	-4.25	-1.25	228
6565	-4.25	-0.75	228
6565	-3.75	-0.75	228
6565	-3.75	-1.25	228
6565	-4.25	-1.25	228
6567	-3.25	-0.75	228
6567	-3.25	-1.25	228
6567	-1.75	-1.25	228
6567	-1.75	-0.75	228
6567	-2.25	-0.25	228
6567	-2.75	-0.25	228
6567	-3.25	-0.75	228
6568	2.25	4.25	228
6568	2.25	4.75	228
6568	3.25	5.75	228
6568	4.75	5.75	228
6568	5.25	5.25	228
6568	5.25	0.75	228
6568	4.75	0.25	228
6568	3.25	0.25	228
6568	3.25	2.75	228
6568	3.75	3.25	228
6568	3.75	3.75	228
6568	3.25	4.25	228
6568	2.25	4.25	228
6569	4.75	6.75	228
6569	4.75	7.25	228
6569	5.25	7.25	228
6569	5.25	6.75	228
6569	4.75	6.75	228
6570	-1.25	-0.75	228
6570	-1.25	-1.25	228
6570	-0.75	-1.25	228
6570	-0.75	-0.75	228
6570	-1.25	-0.75	228
6571	-0.25	-0.75	228
6571	-0.25	-1.25	228
6571	0.25	-1.25	228
6571	0.25	-0.75	228
6571	-0.25	-0.75	228
6572	0.75	-0.75	228
6572	0.75	-1.25	228
6572	1.25	-1.25	228
6572	1.25	-0.75	228
6572	0.75	-0.75	228
6573	1.75	-0.75	228
6573	1.75	-1.25	228
6573	2.25	-1.25	228
6573	2.25	-0.75	228
6573	1.75	-0.75	228
6574	2.75	-0.75	228
6574	2.75	-1.25	228
6574	3.25	-1.25	228
6574	3.25	-0.75	228
6574	2.75	-0.75	228
6575	3.75	-0.75	228
6575	3.75	-1.25	228
6575	4.25	-1.25	228
6575	4.25	-0.75	228
6575	3.75	-0.75	228
6576	4.75	-0.75	228
6576	4.75	-1.25	228
6576	5.25	-1.25	228
6576	5.25	-0.75	228
6576	4.75	-0.75	228
11157	-11.25	48.75	36
11157	-11.25	49.25	36
11157	-10.75	49.25	36
11157	-10.25	48.75	36
11157	-10.25	48.25	36
11157	-10.75	48.25	36
11157	-11.25	48.75	36
312	-41.25	13.75	1036
312	-41.25	14.25	1036
312	-40.75	14.75	1036
312	-39.75	14.75	1036
312	-39.25	15.25	1036
312	-38.75	15.25	1036
312	-38.25	14.75	1036
312	-37.75	14.75	1036
312	-37.25	15.25	1036
312	-37.25	16.25	1036
312	-36.75	16.25	1036
312	-36.25	15.75	1036
312	-36.25	14.25	1036
312	-38.75	11.75	1036
312	-38.75	11.25	1036
312	-38.25	11.25	1036
312	-37.75	11.75	1036
312	-37.25	11.75	1036
312	-36.75	11.25	1036
312	-36.25	11.25	1036
312	-36.25	11.75	1036
312	-36.75	12.25	1036
312	-36.75	12.75	1036
312	-36.25	13.25	1036
312	-35.75	13.25	1036
312	-35.75	12.25	1036
312	-35.25	12.25	1036
312	-34.75	12.75	1036
312	-34.25	12.75	1036
312	-34.25	11.75	1036
312	-33.25	11.75	1036
312	-33.25	9.75	1036
312	-32.25	9.75	1036
312	-32.25	9.25	1036
312	-32.75	8.75	1036
312	-32.75	8.25	1036
312	-32.25	7.75	1036
312	-31.25	7.75	1036
312	-30.75	7.25	1036
312	-29.75	7.25	1036
312	-29.75	6.75	1036
312	-30.25	6.25	1036
312	-31.25	6.25	1036
312	-31.25	5.75	1036
312	-30.75	5.25	1036
312	-30.75	4.75	1036
312	-31.25	4.25	1036
312	-31.25	3.25	1036
312	-32.25	3.25	1036
312	-32.25	2.75	1036
312	-31.25	1.75	1036
312	-30.25	1.75	1036
312	-30.25	1.25	1036
312	-31.25	0.25	1036
312	-31.75	0.25	1036
312	-31.75	1.25	1036
312	-32.75	2.25	1036
312	-34.75	2.25	1036
312	-35.25	2.75	1036
312	-35.25	3.75	1036
312	-36.25	3.75	1036
312	-36.75	4.25	1036
312	-37.25	4.25	1036
312	-37.25	3.75	1036
312	-36.25	2.75	1036
312	-36.25	2.25	1036
312	-37.25	2.25	1036
312	-37.25	1.75	1036
312	-36.75	1.25	1036
312	-36.25	1.25	1036
312	-35.75	1.75	1036
312	-35.25	1.75	1036
312	-34.25	0.75	1036
312	-34.25	-0.25	1036
312	-33.25	-0.25	1036
312	-32.75	-0.75	1036
312	-32.75	-1.25	1036
312	-40.25	-1.25	1036
312	-40.25	0.25	1036
312	-39.25	0.25	1036
312	-39.25	0.75	1036
312	-39.75	1.25	1036
312	-39.75	2.75	1036
312	-39.25	2.75	1036
312	-38.75	2.25	1036
312	-38.25	2.25	1036
312	-38.25	2.75	1036
312	-38.75	3.25	1036
312	-38.75	5.25	1036
312	-39.25	5.25	1036
312	-40.75	3.75	1036
312	-40.75	2.75	1036
312	-41.75	2.75	1036
312	-41.75	0.75	1036
312	-43.25	0.75	1036
312	-43.75	1.25	1036
312	-43.75	2.25	1036
312	-44.75	2.25	1036
312	-45.25	2.75	1036
312	-45.25	3.25	1036
312	-43.25	5.25	1036
312	-42.75	5.25	1036
312	-42.75	4.25	1036
312	-42.25	3.75	1036
312	-41.75	3.75	1036
312	-41.75	4.75	1036
312	-41.25	5.25	1036
312	-41.25	6.25	1036
312	-40.75	6.75	1036
312	-40.75	7.75	1036
312	-39.75	7.75	1036
312	-38.25	9.25	1036
312	-37.75	9.25	1036
312	-37.25	8.75	1036
312	-36.75	8.75	1036
312	-36.75	9.25	1036
312	-37.75	10.25	1036
312	-39.25	10.25	1036
312	-39.25	9.25	1036
312	-40.75	9.25	1036
312	-40.75	9.75	1036
312	-40.25	10.25	1036
312	-40.25	10.75	1036
312	-42.25	10.75	1036
312	-42.25	12.25	1036
312	-41.25	13.25	1036
312	-41.25	13.75	1036
4001	-21.75	32.25	1712
4001	-21.75	32.75	1712
4001	-21.25	33.25	1712
4001	-20.75	33.25	1712
4001	-20.25	32.75	1712
4001	-18.25	32.75	1712
4001	-18.25	31.75	1712
4001	-17.25	31.75	1712
4001	-16.75	31.25	1712
4001	-16.25	31.25	1712
4001	-16.25	31.75	1712
4001	-16.75	32.25	1712
4001	-16.75	32.75	1712
4001	-15.25	32.75	1712
4001	-14.75	32.25	1712
4001	-14.25	32.25	1712
4001	-12.25	34.25	1712
4001	-12.25	36.25	1712
4001	-11.75	36.25	1712
4001	-11.25	35.75	1712
4001	-10.25	35.75	1712
4001	-9.75	35.25	1712
4001	-8.75	35.25	1712
4001	-8.75	33.75	1712
4001	-9.25	33.75	1712
4001	-10.25	34.75	1712
4001	-10.75	34.75	1712
4001	-11.25	34.25	1712
4001	-11.25	33.75	1712
4001	-10.25	33.75	1712
4001	-10.25	32.75	1712
4001	-9.75	32.25	1712
4001	-9.75	31.25	1712
4001	-9.25	31.25	1712
4001	-8.75	31.75	1712
4001	-8.25	31.75	1712
4001	-8.25	30.75	1712
4001	-7.25	30.75	1712
4001	-7.25	30.25	1712
4001	-7.75	29.75	1712
4001	-9.25	29.75	1712
4001	-9.75	30.25	1712
4001	-10.25	30.25	1712
4001	-10.75	29.75	1712
4001	-10.75	28.75	1712
4001	-11.75	27.75	1712
4001	-14.75	27.75	1712
4001	-15.25	27.25	1712
4001	-15.25	26.75	1712
4001	-14.25	26.75	1712
4001	-13.75	26.25	1712
4001	-12.75	26.25	1712
4001	-11.75	25.25	1712
4001	-11.25	25.25	1712
4001	-10.75	25.75	1712
4001	-10.25	25.75	1712
4001	-9.25	24.75	1712
4001	-9.25	24.25	1712
4001	-9.75	23.75	1712
4001	-10.75	23.75	1712
4001	-11.75	22.75	1712
4001	-12.25	22.75	1712
4001	-12.75	23.25	1712
4001	-14.25	23.25	1712
4001	-15.25	22.25	1712
4001	-15.25	21.75	1712
4001	-14.75	21.75	1712
4001	-14.25	22.25	1712
4001	-13.75	22.25	1712
4001	-13.75	21.25	1712
4001	-12.75	20.25	1712
4001	-12.75	17.75	1712
4001	-14.25	17.75	1712
4001	-14.25	18.25	1712
4001	-13.75	18.75	1712
4001	-13.75	19.25	1712
4001	-14.25	19.75	1712
4001	-14.25	20.75	1712
4001	-14.75	20.75	1712
4001	-15.25	20.25	1712
4001	-15.75	20.25	1712
4001	-16.75	21.25	1712
4001	-16.75	22.25	1712
4001	-17.25	22.75	1712
4001	-18.75	22.75	1712
4001	-19.25	22.25	1712
4001	-19.25	20.25	1712
4001	-19.75	19.75	1712
4001	-19.75	19.25	1712
4001	-19.25	18.75	1712
4001	-18.25	18.75	1712
4001	-17.25	17.75	1712
4001	-17.25	17.25	1712
4001	-17.75	16.75	1712
4001	-18.75	16.75	1712
4001	-19.25	16.25	1712
4001	-19.75	16.25	1712
4001	-20.25	16.75	1712
4001	-20.25	18.75	1712
4001	-20.75	19.25	1712
4001	-22.25	19.25	1712
4001	-22.25	18.25	1712
4001	-22.75	18.25	1712
4001	-23.25	18.75	1712
4001	-23.75	18.75	1712
4001	-23.75	17.25	1712
4001	-22.75	17.25	1712
4001	-22.75	16.75	1712
4001	-23.25	16.25	1712
4001	-23.75	16.25	1712
4001	-24.25	16.75	1712
4001	-24.75	16.75	1712
4001	-24.75	15.75	1712
4001	-25.25	15.25	1712
4001	-25.75	15.25	1712
4001	-25.75	17.75	1712
4001	-25.25	18.25	1712
4001	-25.25	19.75	1712
4001	-25.75	20.25	1712
4001	-25.75	20.75	1712
4001	-25.25	21.25	1712
4001	-25.25	22.25	1712
4001	-24.25	23.25	1712
4001	-24.25	24.25	1712
4001	-23.75	24.75	1712
4001	-22.75	24.75	1712
4001	-21.25	26.25	1712
4001	-21.25	27.25	1712
4001	-20.25	28.25	1712
4001	-19.75	28.25	1712
4001	-19.25	27.75	1712
4001	-18.75	27.75	1712
4001	-18.75	28.25	1712
4001	-19.25	28.75	1712
4001	-19.25	29.75	1712
4001	-20.25	30.75	1712
4001	-21.25	30.75	1712
4001	-21.25	31.75	1712
4001	-21.75	32.25	1712
5318	-31.75	14.25	1975
5318	-31.75	14.75	1975
5318	-31.25	14.75	1975
5318	-30.75	14.25	1975
5318	-29.25	14.25	1975
5318	-28.75	14.75	1975
5318	-27.25	14.75	1975
5318	-27.25	13.75	1975
5318	-26.25	13.75	1975
5318	-26.25	12.75	1975
5318	-25.25	12.75	1975
5318	-24.75	12.25	1975
5318	-24.75	10.25	1975
5318	-23.75	9.25	1975
5318	-23.75	8.75	1975
5318	-26.75	8.75	1975
5318	-27.75	7.75	1975
5318	-28.25	7.75	1975
5318	-28.25	8.25	1975
5318	-27.75	8.75	1975
5318	-27.75	9.25	1975
5318	-28.25	9.75	1975
5318	-28.25	10.25	1975
5318	-27.75	10.75	1975
5318	-27.75	12.25	1975
5318	-28.25	12.75	1975
5318	-29.25	12.75	1975
5318	-29.75	13.25	1975
5318	-30.25	13.25	1975
5318	-30.75	12.75	1975
5318	-31.25	12.75	1975
5318	-31.25	13.75	1975
5318	-31.75	14.25	1975
15819	1.75	45.75	74
15819	1.75	46.25	74
15819	2.75	47.25	74
15819	3.25	47.25	74
15819	5.25	45.25	74
15819	5.25	40.75	74
15819	4.75	40.25	74
15819	4.75	39.25	74
15819	3.75	39.25	74
15819	3.25	38.75	74
15819	2.25	38.75	74
15819	1.75	38.25	74
15819	0.75	38.25	74
15819	0.25	37.75	74
15819	-0.25	37.75	74
15819	-0.25	38.25	74
15819	0.75	39.25	74
15819	0.75	39.75	74
15819	0.25	40.25	74
15819	-0.75	40.25	74
15819	-0.75	41.75	74
15819	0.25	41.75	74
15819	0.25	42.75	74
15819	0.75	43.25	74
15819	1.25	43.25	74
15819	1.75	42.75	74
15819	2.25	42.75	74
15819	4.25	44.75	74
15819	4.25	45.25	74
15819	2.75	45.25	74
15819	2.75	44.25	74
15819	2.25	44.25	74
15819	1.75	44.75	74
15819	1.75	45.75	74
15824	-6.25	31.75	74
15824	-6.25	32.25	74
15824	-5.75	32.75	74
15824	-5.25	32.75	74
15824	-4.75	32.25	74
15824	-4.75	30.25	74
15824	-3.75	30.25	74
15824	-3.25	29.75	74
15824	-2.75	29.75	74
15824	-2.75	30.75	74
15824	-2.25	30.75	74
15824	-1.75	30.25	74
15824	-1.25	30.25	74
15824	-1.25	30.75	74
15824	-2.25	31.75	74
15824	-2.25	32.75	74
15824	-2.75	32.75	74
15824	-3.25	32.25	74
15824	-3.75	32.25	74
15824	-3.75	33.75	74
15824	-2.25	35.25	74
15824	-0.75	35.25	74
15824	0.25	34.25	74
15824	0.25	33.25	74
15824	1.25	33.25	74
15824	2.25	32.25	74
15824	2.75	32.25	74
15824	3.75	33.25	74
15824	5.25	33.25	74
15824	5.25	31.75	74
15824	4.75	31.25	74
15824	4.25	31.25	74
15824	4.25	32.25	74
15824	3.75	32.25	74
15824	3.25	31.75	74
15824	3.25	30.25	74
15824	4.25	30.25	74
15824	4.25	29.75	74
15824	2.25	27.75	74
15824	1.25	27.75	74
15824	1.25	27.25	74
15824	1.75	26.75	74
15824	1.75	26.25	74
15824	0.25	26.25	74
15824	0.25	27.25	74
15824	-0.25	27.25	74
15824	-1.75	25.75	74
15824	-2.25	25.75	74
15824	-2.25	26.75	74
15824	-2.75	27.25	74
15824	-3.75	27.25	74
15824	-3.75	28.25	74
15824	-4.25	28.75	74
15824	-4.75	28.75	74
15824	-5.25	28.25	74
15824	-5.25	27.75	74
15824	-4.25	26.75	74
15824	-4.25	26.25	74
15824	-5.75	26.25	74
15824	-6.25	26.75	74
15824	-6.25	29.25	74
15824	-5.25	29.25	74
15824	-5.25	29.75	74
15824	-5.75	30.25	74
15824	-5.75	31.25	74
15824	-6.25	31.75	74
15825	4.25	20.25	74
15825	4.25	20.75	74
15825	4.75	20.75	74
15825	5.25	20.25	74
15825	5.25	17.75	74
15825	4.75	17.75	74
15825	4.75	18.75	74
15825	4.25	19.25	74
15825	4.25	20.25	74
15826	3.75	15.75	74
15826	3.75	16.25	74
15826	4.25	16.75	74
15826	4.75	16.75	74
15826	5.25	16.25	74
15826	5.25	15.75	74
15826	3.75	15.75	74
10590	-24.25	5.75	3428
10590	-24.25	6.25	3428
10590	-23.75	6.75	3428
10590	-23.25	6.75	3428
10590	-22.75	6.25	3428
10590	-22.75	5.75	3428
10590	-23.25	5.25	3428
10590	-23.25	4.75	3428
10590	-22.75	4.25	3428
10590	-22.25	4.25	3428
10590	-22.25	5.25	3428
10590	-21.75	5.25	3428
10590	-21.25	4.75	3428
10590	-21.25	3.75	3428
10590	-20.75	3.75	3428
10590	-19.25	5.25	3428
10590	-19.25	6.25	3428
10590	-18.75	6.25	3428
10590	-18.25	5.75	3428
10590	-18.25	5.25	3428
10590	-18.75	4.75	3428
10590	-18.75	4.25	3428
10590	-18.25	3.75	3428
10590	-18.25	3.25	3428
10590	-19.25	3.25	3428
10590	-19.25	0.75	3428
10590	-17.75	0.75	3428
10590	-17.75	1.25	3428
10590	-18.25	1.75	3428
10590	-18.25	2.25	3428
10590	-17.75	2.75	3428
10590	-15.75	2.75	3428
10590	-15.25	3.25	3428
10590	-14.75	3.25	3428
10590	-14.75	1.75	3428
10590	-15.25	1.25	3428
10590	-16.25	1.25	3428
10590	-16.75	0.75	3428
10590	-16.75	0.25	3428
10590	-16.25	-0.25	3428
10590	-15.75	-0.25	3428
10590	-15.25	0.25	3428
10590	-14.75	0.25	3428
10590	-14.25	-0.25	3428
10590	-14.25	-0.75	3428
10590	-14.75	-1.25	3428
10590	-16.25	-1.25	3428
10590	-16.75	-0.75	3428
10590	-17.25	-0.75	3428
10590	-17.75	-1.25	3428
10590	-21.25	-1.25	3428
10590	-21.75	-0.75	3428
10590	-21.75	0.25	3428
10590	-22.25	0.75	3428
10590	-22.25	1.25	3428
10590	-21.75	1.75	3428
10590	-21.75	2.25	3428
10590	-22.75	2.25	3428
10590	-23.25	2.75	3428
10590	-23.25	3.75	3428
10590	-23.75	4.25	3428
10590	-24.25	4.25	3428
10590	-24.25	3.25	3428
10590	-25.25	3.25	3428
10590	-25.25	2.25	3428
10590	-25.75	2.25	3428
10590	-26.25	2.75	3428
10590	-26.25	3.25	3428
10590	-24.25	5.25	3428
10590	-24.25	5.75	3428
10591	-8.25	13.75	3428
10591	-8.25	14.25	3428
10591	-7.75	14.75	3428
10591	-7.25	14.75	3428
10591	-6.75	14.25	3428
10591	-6.25	14.25	3428
10591	-5.75	14.75	3428
10591	-5.25	14.75	3428
10591	-4.75	14.25	3428
10591	-3.75	14.25	3428
10591	-3.25	13.75	3428
10591	-3.25	13.25	3428
10591	-4.25	12.25	3428
10591	-4.25	11.75	3428
10591	-3.25	11.75	3428
10591	-2.75	11.25	3428
10591	-2.75	10.25	3428
10591	-2.25	9.75	3428
10591	-1.75	9.75	3428
10591	-1.75	11.25	3428
10591	-2.75	12.25	3428
10591	-2.75	12.75	3428
10591	-0.75	12.75	3428
10591	-0.25	13.25	3428
10591	-0.25	13.75	3428
10591	-1.75	15.25	3428
10591	-1.75	15.75	3428
10591	-0.75	15.75	3428
10591	-0.75	16.75	3428
10591	-0.25	17.25	3428
10591	0.25	17.25	3428
10591	0.75	16.75	3428
10591	0.75	15.75	3428
10591	2.75	15.75	3428
10591	3.25	15.25	3428
10591	3.25	14.25	3428
10591	3.75	13.75	3428
10591	4.75	13.75	3428
10591	5.25	13.25	3428
10591	5.25	7.75	3428
10591	4.75	7.25	3428
10591	4.75	6.75	3428
10591	5.25	6.25	3428
10591	5.25	5.75	3428
10591	3.25	5.75	3428
10591	2.25	4.75	3428
10591	2.25	4.25	3428
10591	3.25	4.25	3428
10591	3.75	3.75	3428
10591	3.75	3.25	3428
10591	3.25	2.75	3428
10591	3.25	0.25	3428
10591	5.25	0.25	3428
10591	5.25	-0.25	3428
10591	4.75	-0.75	3428
10591	-1.75	-0.75	3428
10591	-2.25	-0.25	3428
10591	-2.75	-0.25	3428
10591	-3.25	-0.75	3428
10591	-4.25	-0.75	3428
10591	-4.75	-1.25	3428
10591	-5.25	-1.25	3428
10591	-5.75	-0.75	3428
10591	-6.25	-0.75	3428
10591	-6.75	-1.25	3428
10591	-9.25	-1.25	3428
10591	-9.25	0.25	3428
10591	-7.25	0.25	3428
10591	-7.25	1.25	3428
10591	-6.25	1.25	3428
10591	-6.25	1.75	3428
10591	-6.75	2.25	3428
10591	-7.75	2.25	3428
10591	-8.75	3.25	3428
10591	-8.75	3.75	3428
10591	-7.75	3.75	3428
10591	-6.75	4.75	3428
10591	-6.75	5.25	3428
10591	-7.75	5.25	3428
10591	-8.25	5.75	3428
10591	-8.25	6.75	3428
10591	-9.75	8.25	3428
10591	-9.75	9.75	3428
10591	-8.75	9.75	3428
10591	-7.25	11.25	3428
10591	-7.25	12.25	3428
10591	-6.75	12.75	3428
10591	-6.75	13.25	3428
10591	-7.75	13.25	3428
10591	-8.25	13.75	3428
