x	y
-0.134284282648054	0.0606842276751454
0.24553541526563	0.166255020619556
-0.0569887084999743	0.0321294901412181
-0.165341906886164	0.0692311458460157
0.443795063768475	0.258211469086232
0.094630196753459	0.0537540474333146
-0.184651180398303	0.103936269186382
-0.696374986328814	0.469607976181273
-0.321912983897528	0.189384168219725
0.416489549093226	0.337637234314663
0.0953530192948978	0.056926766781624
0.126515035282015	0.0554577414374385
0.103674773080382	0.0544383323788885
-0.960901727479667	0.771694731795226
0.0887657301396702	0.0491109969209208
-0.908912092955781	0.494686912684138
-0.403665935825557	0.222652748196769
0.08364906244974	0.0396354877127182
0.416148824522375	0.282434830504955
-0.103807611625213	0.0640043202785671
-0.069961205722092	0.0442516246295694
0.476459151903342	0.330846454493651
-0.0770132734016145	0.040419428764917
0.386744603872351	0.279046230822984
0.478673594047644	0.413072765558917
-0.728092309989781	0.562017651948273
-0.525164476735399	0.27506930518942
0.303311537189272	0.252130035941172
1.15819648218686	1.47118760066679
0.370750517688921	0.265105512700143
0.277283812375951	0.154044103270931
-1.64005460610836	1.041905585877
0.978376637870597	0.636712690787475
1.27062272366963	1.42325803225724
0.528214374763818	0.414876425163579
0.103343868158087	0.0681372465182755
0.207454423866165	0.130393613803146
0.1194840535748	0.0635863220920205
-0.491690279764458	0.286087410205547
-0.196728560824336	0.105269024701849
0.341457221325516	0.158341208268311
0.508897952870391	0.275086330480409
1.892563697162	1.48734974444745
1.79523262245409	1.95769236466351
0.272706822323224	0.162594343403014
0.239242885922155	0.120247226953785
0.062146768299315	0.0293987387011259
-0.0403783082794654	0.0173538730537356
0.461583163066425	0.414848432534318
-0.955942462196515	0.747640166819358
-0.104775761431382	0.0717161195141622
-0.0641755982809618	0.0463621782015538
0.550565873325063	0.520687135771455
0.489959141931156	0.36462011701871
0.121038809562135	0.076807010878559
-0.584035356805448	0.36319236135479
0.353880229694736	0.29138694853037
0.169224568470324	0.0980890887972888
0.280457353760592	0.193112752462122
-1.00265335871704	0.326080399495371
0.125924633044643	0.0714242332303788
0.737790070598092	0.506425538970388
0.137291774785732	0.0659447532029154
-0.411834499862471	0.22813992584654
0.49790206406624	0.34279623298879
0.334313021827159	0.171147130732167
-0.659713139988064	0.437676551484513
-0.369832116973036	0.17476794722944
-0.604320971525273	0.329488508863664
0.734852470629625	0.55389505456492
0.447441701423804	0.367833791056832
0.0183267120199213	0.00715197339060354
-0.0205137754307966	0.00944134695726988
-0.158202385499518	0.0891728657621075
-0.475159841785808	0.278184044637502
-0.411460525835832	0.228114575106751
-0.422666695203032	0.205217535892692
-0.0801110681885237	0.0396450526856212
0.00906507669981329	0.00465574899845836
-0.327198710511871	0.17197362398161
-0.241779391688272	0.146849834786549
-1.06026083724966	0.628805976405139
0.584081043495091	0.3851830816473
0.210817811561115	0.114344528994667
-0.124329380843276	0.062832689170768
-1.05302827541794	0.62310797038072
-0.275959807050915	0.181946562043763
0.0733702498409729	0.0381531327125999
-0.583286322009205	0.31997497608095
0.470883635799205	0.274805820420438
-2.39717113496792	1.42432231749799
-0.28938591149389	0.163587943684461
-1.66204361599011	1.07021521191972
-0.0706250435736867	0.0278383630080405
-0.823172628937402	0.612656511071422
0.396576926089017	0.249263497231336
0.931965140976315	1.1495222889768
-2.80763602119207	2.07180147949753
-0.307673408309471	0.196468039409484
-0.0206002433959129	0.0145260941506136
0.371739179878923	0.280883150026333
-0.713855683109624	0.417179554924322
-0.406317875750354	0.221752928260103
-1.91183356625671	1.41464782382586
0.224144062370759	0.121908349598712
-0.143478309627894	0.0860237444258516
0.242406331892609	0.162930104587921
0.753744733443627	0.835023932174415
-0.273810550867045	0.138535761574754
0.592723739354777	0.518106737783373
-0.0609013518158842	0.0384995858376018
1.18335303465952	1.77665124939071
-0.0402051023928217	0.0318430379138362
1.53825652632013	2.69759955120427
-0.43372304921402	0.366797463765422
-0.899060006482093	0.946687531426198
0.175071075057489	0.136304827610725
0.484254539309079	0.443724396075543
-0.11740126817961	0.0535881058077432
0.881348176934793	0.89422532365169
0.35970603760137	0.285865990627844
0.828107144488206	1.01865226890675
0.202074284662503	0.165029388564167
-0.478671216625592	0.46086582964968
-0.246622383093489	0.190916973023908
-1.22078587029795	0.979431454520983
-0.3731633294605	0.315862154422845
-0.344852704008053	0.22121244663402
-0.0139464209892314	0.00900792615365486
0.529290342403418	0.492446410577269
0.108874902303177	0.0782796095467676
0.283531678587758	0.266085046112969
0.735973742381547	0.671019500195311
-0.0622881642903532	0.0328162776082503
-0.495308164008231	0.467893864185644
-0.456700485085962	0.420265128655801
-0.373419213579064	0.28424214883863
-0.526499870346388	0.538751385737246
-0.301579488062325	0.174445753771635
-0.483141333363582	0.449584339123137
1.25852247467574	1.85353226647587
0.898903518796613	1.13857402069185
0.121377590070241	0.0809919803447216
0.269489228343483	0.244088695735777
-0.223136414716343	0.201767265588632
-0.156666073859877	0.140615033373993
0.0633867979689981	0.0324040052897593
-0.471291452845787	0.457264588007307
-0.694392010082745	0.872119246075028
-0.038133452658329	0.0284486855303281
0.718491707535547	0.650529633558782
0.836830196686598	0.919031306490492
-0.170705621681834	0.129342536335178
0.0881197294282166	0.0601063071520218
0.796158968141605	1.11669120767882
0.336148728598887	0.334530353646363
-0.115341272959859	0.0890532349897241
-0.617354646907723	0.694870267884256
-0.512049111576829	0.537127509992484
0.744772736408853	0.844994254012886
-0.260435111294903	0.170678693377227
0.181370078687425	0.125158115092036
-0.577384080054932	0.470915769919953
1.03227759846611	1.25322974985877
0.820359380203656	0.853322025167639
0.319923958228253	0.223986678282588
-1.25537171250307	1.22523359317935
0.0700222197980669	0.049291486954689
0.568333862279944	0.490718869704224
0.162519560891146	0.12519458287114
-0.291677868072001	0.211156414949479
-0.368577255843613	0.363610139542456
-0.287469759533106	0.316684895873012
0.0761166532468211	0.0558585596438435
0.187778428203708	0.182830413796482
0.361096534084657	0.357146553331852
-0.463387024965563	0.467706798784106
0.426841182201947	0.47559228116364
-0.543911406625164	0.62616274794738
0.101322473117348	0.089766357985466
-0.495178475913205	0.575550048671176
-0.206502485723303	0.188523992541852
-0.0404370913497459	0.0272122081287946
0.104277700434375	0.0870796336106826
-0.464301042196376	0.53826425628177
0.0283402705393094	0.0232852181218319
0.0486484436096981	0.0432745336127313
0.141010368970144	0.129198276388276
-0.213558209108847	0.174723381074722
-1.24353040482589	1.36659907536735
-0.978037614598505	1.24815257227849
0.790862964115356	0.718738684634627
-0.47741817935068	0.442781577999248
0.808215449157525	0.990896189848674
0.0506991400880194	0.0392150665238611
-0.192418620028337	0.162632178134727
-0.0711339179019034	0.0622637148980358
-0.519602976396802	0.576257892637719
0.45770088980235	0.489557350882454
0.244341646115349	0.205520941784252
0.909819489455111	1.37626808135373
0.160238151616162	0.105078770886145
-0.106543521217538	0.0835167760726259
-0.0823919165712017	0.0638102622773734
0.601559309957885	0.627617228210938
-0.227129615337293	0.205862460752706
0.358878350331033	0.297883122953361
0.803442575456721	0.775826296954008
1.16348451481258	1.19204380000843
-0.0317256433949053	0.0198783898277388
0.623429487540468	0.807127949015671
-0.161503562960591	0.129106454155286
-0.833094920365167	1.28870782484807
0.0212137903494018	0.0197821504866408
-0.153285594933843	0.137440863531405
-1.08104861690273	1.94318162755619
0.712712355496946	0.682384838570176
0.330854006744901	0.299709583970023
0.6874230998126	0.715063797419171
-0.277655027698095	0.227194679643843
0.327408714754575	0.242347111555307
0.712875653206435	0.570240119530962
0.717731100414877	0.689640397525653
1.00206391982749	1.16651163896994
0.605144603522503	0.680849985249872
0.16086764082246	0.140078817816556
0.527732533643957	0.754384496755428
0.0703101903655942	0.0650452034364139
0.0221170490298455	0.0151256633995555
0.671118701911774	0.753561305210021
0.478602486248493	0.528590553725365
0.322246524768156	0.262633693648719
0.034691223832396	0.0267573786375755
0.819387503399789	1.03579489200047
-0.999238613648899	1.81794385621599
-0.139633833809821	0.125906493238774
-0.673662219841865	0.646476907909549
-0.178929309303442	0.171653565952054
0.677687546659408	0.779459186306297
0.529772292310554	0.528797178298075
-0.13450146810927	0.0941808334339821
1.02648689327006	1.2520034059619
-0.215308595297252	0.153875776966357
0.34514119787298	0.257925408994983
0.676675469600674	0.670810749509609
0.59148578662566	0.565850579121987
-0.568669479861435	0.697856061577694
0.206295645462368	0.167777969349382
0.718872148643432	0.754787035318457
-0.10352565918432	0.0708578993094931
-0.0122205521727088	0.00742290507563819
-0.0948940125543548	0.0787592296888536
-0.201250022543433	0.198714824063772
-0.304744092460864	0.256809395452855
-0.36720522934369	0.462135955612706
-0.284354647986179	0.315372419892684
0.0660079445767513	0.0568843450505162
0.148972057593673	0.134752869908272
-0.0979540649680437	0.0640373032233081
1.02082781355732	1.28582456343812
1.06353766705954	1.2574010809912
0.372520026690183	0.310629547218659
-0.0714410748120785	0.0453438958950026
-0.49339982653992	0.382643801189344
0.300599625989636	0.231738070517784
0.13337397607376	0.0896076803052966
-0.0840703885189321	0.0503620354455133
-0.0132306613849004	0.00878622952500944
-0.166642092179084	0.170227568945788
-0.295750293656317	0.345151968392663
-0.0640532054454443	0.0554924697416237
0.0442234007806155	0.0319065061240924
0.158243695302896	0.13719156564047
0.4128630115318	0.40494134118654
0.200095972097115	0.181959869900799
-0.0391117286611817	0.0326974268623685
-0.301331000752266	0.274348301368936
-0.936161307478924	1.69243775623045
0.349528459308234	0.383774450546417
0.25588346942712	0.301831820082473
-0.267864048455218	0.275182803753713
0.731921741135493	0.952356619334287
-0.538999897692333	0.543648414880169
0.671912155734641	0.691644073873659
0.190616404017163	0.150030004228865
-0.726985254364808	0.629943693698223
0.207056412549451	0.180541422431404
0.399152968277125	0.281570244998294
-0.127415862697094	0.0846140216636237
0.0852765964272104	0.0651092088754051
0.183948678489793	0.189491284479787
-0.0138807744689577	0.0120369440000633
-0.071555806093148	0.049678932067592
0.00429927398230982	0.00284745729354494
0.531902836946329	0.497824255966687
-0.0495378668852149	0.0335124986538025
-1.04349033254091	1.11932377458457
0.860076991463715	0.771522237454621
-0.215111003472117	0.18874347706703
-0.617668844583425	0.757292192383175
0.245564699235106	0.269739925989796
-0.224457281828815	0.222650368448864
-0.129856094465319	0.107794896616569
0.325902072367329	0.264607630822972
-0.342330120426748	0.318015042466096
0.185583693824585	0.108244999817704
-0.138717112998418	0.0924252210913433
-2.4436302289804	2.42164062067137
0.04768597483544	0.0338938364073265
0.46314969814179	0.438231429940545
-0.0634748614790431	0.0455143398599328
-0.19922429506129	0.133744740242937
-0.212077868356941	0.225903406084939
-0.696933242973246	0.770104479606128
-0.387625803481252	0.296917808140531
-0.652337162310584	0.530551523138083
0.690091256478181	0.807454119203355
0.0548924556989927	0.0355929723806184
-0.537441758299106	0.62207200642072
-0.493022002535542	0.485242147536721
-1.34269188494679	2.62100388785814
-0.874589772518088	1.29235926599362
-0.654865615966609	0.776431631053846
-0.479177977542339	0.563281537365038
-0.456325766774546	0.347174756586622
0.361254824130084	0.346834633548772
0.0229504944459281	0.0136056486875155
0.790767314618572	0.924729528432548
0.893866172991218	1.28135764661019
0.0906885033317589	0.0646882945441448
1.36147331661924	1.8848907724866
0.941892459615707	1.20656947732197
0.00803176331993772	0.00574828302812285
-0.204508021080298	0.197054898660362
0.231227239201793	0.230366877877737
-0.527633778669084	0.629065098624382
-0.222618981127275	0.196874090597009
0.765152008052856	1.04150228219393
0.706565305483671	0.60740680660342
1.00995798717804	0.91667898710825
-0.381288662987047	0.450898346174208
-0.0894319367470155	0.0745561033899467
-0.621850406155592	0.867538922833881
-1.01286405065564	1.80682466766327
-0.0817867834812297	0.0624554468020919
0.0474654717056276	0.0351984559384575
1.59275709602363	1.97596848728177
0.400919048185315	0.376771103699784
-0.321425613380083	0.219087659863035
0.139133417439243	0.0740650246462844
-0.0464753451113562	0.0302333710317155
-0.759167386283786	0.661314983464428
1.27285546893507	1.49194351032551
-0.163962571398962	0.100122622317026
0.387458085458338	0.336223592982189
0.170337020845848	0.145439646629962
-0.166847958530741	0.135642183268083
-0.0724019570950935	0.0516755067749056
0.930560304240601	1.11241347510427
0.214502109957392	0.164774418509455
0.858664805306705	1.06362493199666
-0.14363730646018	0.108873358272236
-0.123014379593685	0.0939733040483453
-0.65979594484758	0.983556331076309
-0.162620722636573	0.124344616550399
-0.346485998783203	0.314638831100917
-0.044172454642497	0.0315792288914655
0.69324135093581	0.811274900189914
1.22457357752726	2.08043672338591
0.155135585234774	0.122823050685122
0.506899306493231	0.489151864116734
0.497125659640688	0.39657029440846
-1.15815800359442	0.880383339970098
0.423277599007062	0.290937518285164
1.03440457925556	1.13427733553584
0.224593289039025	0.186596172442835
0.0238557345518235	0.0167405972689464
-0.191663449516883	0.156403355391575
0.0661043162012268	0.0462730057279337
0.392758728666656	0.34501338004438
0.101738740881472	0.0670880363743771
-0.188965873335345	0.126192419034045
0.38501751088008	0.307364833951217
-0.361604017961763	0.374113810889264
-0.0291624139336455	0.0206573216247369
-1.23865662608948	1.77608384933548
-0.743320992673517	0.844220931734133
-0.255673467746682	0.239984646703866
0.740849494773286	1.02016623538508
0.90580134061415	1.18441047139844
0.869279896569956	1.19811236098884
-0.0985016189245219	0.0722040445900194
-0.658497915832456	0.58415336831247
0.48750654933948	0.463821690943237
-0.403689250167948	0.297918357044003
0.504542544993335	0.381563545935177
1.28182020443693	1.6716251611473
1.00328186225482	1.22192877211037
-0.183176685595538	0.192661599817463
-0.0139867473572364	0.0103030391900955
0.18241812517736	0.120133090343591
-0.15308932859817	0.114475218340617
-1.36828195734736	1.42987810145981
-0.175679386242693	0.127850993406927
0.119630967720741	0.0869793520782636
-0.0898182814551508	0.0651796940870403
-0.496550826752921	0.66412701302443
-0.285321684226118	0.283013821151698
-0.706147754601546	0.721910497375492
-0.169669742993188	0.162747913274398
0.47556762271843	0.434021934965436
0.165140469636952	0.107794309623228
0.342547452134435	0.225641409251074
-0.334552939166957	0.260010636573399
0.282797202258861	0.23417601089349
-0.100750220195841	0.078161603309351
1.56175277606546	1.80374119470272
0.841035814370801	0.792597748289788
-0.073570314377221	0.0621678028972553
0.145250250547213	0.126504770660786
-1.05524016410463	1.03197184577692
-0.248989519564643	0.162020481505882
-1.09379673799611	0.824646077695528
-2.23969502113912	2.70804056548458
-0.905244572032376	1.28608434153503
0.126525043594633	0.0956074284994643
0.255672398382345	0.276747548398043
-0.406368316802457	0.466610622541221
0.0322746506988569	0.0268818846945367
-0.269982870099481	0.300812963108314
-0.163769319262328	0.0988998901986029
0.240557364001899	0.195046330540587
0.5411510336977	0.567582597320441
-0.271301618635978	0.241239747376278
-0.75449021905419	0.849548584317117
-0.587328247493779	0.458280141837144
0.000354234628306894	0.000279667702704631
-0.910357754306988	0.886901528419635
0.328981603368439	0.361119435614097
-0.456514988543947	0.515880680320571
-0.619043147092907	0.449463699020847
-0.0846410057505869	0.0739574134333435
-0.113502602092525	0.0930174570424195
-0.0703460794004137	0.0424060467225808
-0.0317059871569335	0.0206001845060803
-1.22938315800978	1.31333531214225
-1.79626311165052	2.0580265199762
-0.453613864435283	0.413102135396185
0.414176233941277	0.405924601526548
0.446009252074791	0.384285115929636
0.300324325801825	0.259537157901854
-0.549958164817914	0.484990127876563
-0.677368350436796	0.65929377463627
0.149367853478801	0.100564077387819
-0.498752455033917	0.472209469717673
0.549405376251792	0.444885871220707
-0.867820504823611	1.1500250919431
-1.10434610174246	1.21858416135331
-0.343033670793007	0.258607233525301
0.333880122270513	0.232858149442992
-0.0721644385811923	0.0455222709725348
0.263232649892024	0.237325979462866
0.270339354460903	0.257531253374578
0.0738020699066807	0.0547156133226405
0.447195764211111	0.601846852112382
-0.533612184734957	0.59261565398379
0.250305170484703	0.179491599125955
1.53545645400588	2.3298323000241
0.343939218299038	0.31655302901436
0.0996921637745411	0.0659877004268816
-0.0394660097456207	0.0246856631880923
0.0585567913194969	0.0358691306773744
-0.668453145904731	0.794203330595834
0.256147421849169	0.190756175223618
-0.181033049233003	0.12654185758898
0.815590569102608	1.18609992609419
-0.119894145344891	0.0917959536774639
-1.08224688589054	1.47108269921678
0.234133079146629	0.219720784967945
-0.395268166485481	0.327019092319752
0.00875463241673807	0.00753214765035942
1.20994225797769	1.54874185893417
-0.329041528181601	0.281773313959894
-0.271215878058979	0.164722012531499
0.3591295122013	0.283040907026656
0.103868899345962	0.0662062856057446
0.00709478383419845	0.00415913426822511
0.694511365209581	0.950515611325159
-0.482979422685942	0.421748728187303
0.56414263508111	0.672776073373087
0.587768499920734	0.73990886662988
0.426660762014353	0.434049041568563
0.555734260302223	0.568350603325083
0.375300768112226	0.339574020752974
0.0312936727320017	0.0231637331330277
-0.730526040688053	0.571367093910775
-0.884647940419315	0.679978274506822
-0.411189777943527	0.255098214196681
-0.289111289097961	0.231951787031148
-0.305871238574866	0.217029324311515
0.422445663557318	0.339006704101218
0.423693708982116	0.386995616828598
0.484529653213683	0.480198502977966
0.439760031821727	0.406046233737868
0.0809247712674637	0.0710667549106575
-0.0205927249288038	0.0141651055625651
0.892699278365639	1.1275577181132
-0.743990607090354	0.785707510063024
0.0663688075736119	0.043226084523077
0.051259804904484	0.0266482450820401
0.393052036485972	0.313423071937255
-0.758261414481887	0.665115302490726
0.282960469431313	0.194800502234942
0.330140370173526	0.310699963644734
1.20712705742624	1.41710059461976
0.770769190024157	1.05306602504504
0.372709542036799	0.355179017916025
0.229073780917289	0.201665950942199
-1.54453189322295	1.51251383864165
-0.649076974276459	0.476471588616509
0.0455449336456285	0.0280206896382264
-1.08447692638012	1.3034293373189
0.428992454954546	0.347118178762076
0.376138447726546	0.314619406572774
-0.196674288087832	0.149483341684164
-0.0708583014045303	0.0620964067215068
0.0504865851549793	0.0414817626197521
-0.173301532310322	0.15904269728238
-0.283435660384756	0.253841170742625
-0.665411400255907	1.0338682768246
-0.466802761086336	0.385518541675038
-0.901032585096658	0.941014268215345
1.0508230284801	1.44278089949196
-0.479753151151542	0.314241323139227
-0.308350454797609	0.239433620348586
1.37534998836543	1.72878069840116
-0.183882061775611	0.135084982660836
0.849057547283063	1.12399396792152
1.24956755829876	2.50410602781508
0.487525473303453	0.595507761012684
0.252336340575218	0.187551550918527
-0.618979261295355	0.527363985196501
-0.106414087107971	0.0626985537584361
-0.0757310240212353	0.0465978889334819
-0.315494948095284	0.217540930735363
-0.199039061694391	0.139419480985652
-1.81434537971385	1.2721576868883
0.417811625610222	0.304408267724379
-0.576493791051409	0.44406638468786
-0.392247383102099	0.286255794589408
0.54107757351049	0.607879788245313
-0.424400934137041	0.370227136714752
0.452753019676657	0.467347019082351
-0.523028211759666	0.382191252900831
-0.137476901504259	0.0820220138451035
0.740877274267888	0.555175495718061
-0.970484459790202	0.681988685627311
0.207105070633196	0.130491857105546
-0.307019481944667	0.177050273325756
0.580598323637153	0.577248581809774
1.89895056832175	3.72082684614993
1.4255745263167	2.57127072088111
1.2332160745105	2.21845548488815
0.944816913170423	0.671901541132381
-0.148030020688062	0.0757994944771994
-0.400215151005868	0.248633308584701
-0.174109819105556	0.136086848082092
-0.269530665188593	0.17611356653776
-0.581928745209045	0.408669438419995
-1.42666504586295	1.31441413444489
-0.264591536674269	0.20685954812253
0.382493224521124	0.268443470051727
0.500935974617801	0.421762396720859
0.482068097314625	0.402197596776344
-0.273385102502623	0.243545231503462
0.816165840112314	0.624118130625074
0.437491456348004	0.406487370300561
-0.155479080259632	0.106738572696915
0.373853163129206	0.338095896394248
1.13348430614578	1.60335446500021
-0.121528257794374	0.0806874175304816
-0.216273018840207	0.137280571309205
-0.132470556012634	0.0883750592243267
0.603567861129211	0.598541587656386
-0.155916277217871	0.0869656188265782
0.861626379460816	1.03319690482947
1.40523402789944	2.10968594196218
0.7904538669887	1.14339720169971
1.39505178533391	2.90250842535307
-0.226477061640218	0.133785791615476
0.377182801835582	0.375060256105072
0.153742834844641	0.0750813794005004
-1.04983215569998	1.12478875421019
0.949833097975832	1.1578575223009
-0.16558069929881	0.123689876608926
-0.261136712752421	0.195224354600513
-0.186678285360438	0.122566606561102
0.0152382741244572	0.00785542019791447
-0.491441358429961	0.288729977509245
-0.211267997621847	0.123343973574565
-1.04154362117853	0.481455177057567
-0.263755146781351	0.205218025892766
0.753242312780627	0.564935491712291
-0.447120146974413	0.284448958117041
-0.631394398833323	0.507387931657817
0.0499539132254822	0.0274495360198406
0.957861032513045	0.983672904176343
-1.20295955355542	1.2854238875823
0.493467574458453	0.453770497614153
-0.132066162952312	0.107149056991598
-0.0535786885310519	0.0323960109983127
0.274317989977706	0.225352117749714
-0.193661489666559	0.112682863098035
-1.2338912030451	0.825836444461895
-0.302766334715351	0.174277891856754
0.430112640263427	0.292653704636362
0.637875849390597	0.595706619392096
0.691063787265017	0.530145337109226
1.33519627257275	1.99497238009782
0.615350407983583	0.540118215175676
0.312015853898586	0.187304335578445
0.140114569106432	0.103023213396669
0.0675291363889461	0.0283350919953324
0.391459106519647	0.327062076911706
0.163293790636451	0.105926352796449
-0.307446513946674	0.195530324649118
-0.564760537467114	0.395015736230173
-0.404429580307421	0.274834109048864
-1.07781545201702	0.93680078120592
0.564598215717639	0.461659341877057
-0.706813871098754	0.418425635360366
-0.101493148814148	0.0624533911147468
-0.39422828582354	0.217056813789001
0.156902488845215	0.1075481596474
-0.579256445058247	0.585397761865487
-0.237661699189978	0.143568291952826
0.304842388846067	0.282336227247501
0.217608826776708	0.201081405093677
-0.893365109267907	0.932695600300594
-0.637995236711908	0.708291497775778
0.0357965161155816	0.0270988635080358
0.672778440688272	0.697644937997464
-0.592303683305323	0.794132931858299
-0.792013663040412	0.925789447103767
0.174580841565959	0.153261008222327
0.830375433175623	1.08955663252884
-0.275750283740287	0.262605695152454
-0.483682978200478	0.344283772540097
0.490938855657016	0.518779194469907
0.419712522127038	0.416462770257542
-0.00605334285477228	0.00462057569503082
0.898536046831983	1.09423373461587
0.690822336595654	0.902319481380836
0.854461400290248	1.37234057836483
0.524303036251626	0.657686063816841
0.82870264113361	0.825459486933902
0.0656978115759574	0.0493776599293246
1.13000031875822	1.10907353831606
-0.277463473642465	0.227704749776791
-0.271102878466922	0.223203069125255
0.504758627095206	0.483921453303014
0.0837035720267985	0.070610573641289
0.503125988208249	0.549804345384881
0.00896961015699806	0.00722219307406094
-0.430716357236515	0.358284802350356
-0.128665334654605	0.0770516831808421
-0.0835092071565787	0.0534032130691918
-0.949926501348814	0.945128972328429
-0.218214445130833	0.149348865684271
0.0430326048917103	0.0249884674063659
-0.241944962231718	0.178626029717925
-0.0829841562179313	0.0556875498096096
-1.4740005080065	1.14989944435076
-1.68036844584787	2.13892792171069
-0.217301570125645	0.163758570300614
1.31604365098543	1.81157193960516
0.418819530147344	0.388032410694031
0.317440432191443	0.295435342007635
0.692731549505433	0.722061943960795
-0.544886809770941	0.533192843096033
-0.335390229748339	0.305631832424092
-0.703344667753517	0.827254057220757
0.622355589880043	0.573914578620867
-0.0720351335690067	0.053472183974687
0.0936183002465243	0.0526217675514011
-0.989313672075727	0.809698499926102
0.329142186679847	0.310138317246128
0.187104929264543	0.151762404295232
0.744442484542508	1.12380877496006
1.34385091088879	2.16130895180022
1.15225535273375	2.08202664005539
0.0383748139801889	0.0316586194183648
-0.132468319503107	0.0954256882065681
0.169682418942189	0.161192413229033
-0.026777796355264	0.0154678821571235
0.103182870038098	0.0716231675072935
-0.096084284166711	0.072730704901432
-0.483064242315931	0.49282556401448
0.0130457216548174	0.00888340497235751
-0.0109995662166424	0.00856424728636982
-0.134818542238353	0.116197151193418
-0.253922822131603	0.192094487415887
1.05743922841652	1.28920784527383
-0.00823404033331007	0.00548579992683508
-0.444010013089962	0.312019923746322
-0.670268265392971	0.710506913919187
0.494497229017946	0.456166686607309
-1.43338263293631	1.56624576865277
-1.27849940947664	1.41879923598301
-1.23166986450618	1.47941505038191
-0.0907840503199303	0.0557583573387593
-0.928167018837615	0.826651372961974
0.31294735008045	0.307382543050497
0.616201506726345	0.538020664758897
0.0926247491239294	0.0586688941183056
0.0515013350382253	0.0315149728681517
0.0467562769653386	0.0272258472515311
0.242425875073377	0.188011430417531
0.458470418898801	0.414880584846893
0.650603339291661	0.785003095361591
0.393977136254585	0.468962820507277
-0.311973174471818	0.22846879526183
0.235502089670861	0.201809843502307
0.229032230066309	0.162670761905948
0.201993367392671	0.119041771618354
1.14102625547767	1.16357267948772
0.150188182059731	0.114809303494117
0.471869772242027	0.459938468271029
1.4170488527215	1.95463838730489
0.379803261963618	0.405297309668951
0.737046537465037	1.04035536056868
-0.179465726787596	0.103581771885788
-0.570386308797507	0.503068545458586
0.742734482352478	0.590424282786713
-0.0637842122277332	0.0402144941079868
0.0901597349590296	0.0689950233257083
0.394005990651069	0.331123271091366
0.159958209448671	0.11497347786695
-0.214324302107406	0.172656766611139
-0.342239524193877	0.324730653254614
-0.280218196052782	0.140990341057443
-0.0900514814049826	0.06087358993619
0.0487409762983323	0.0297433230846785
-0.019275311165348	0.0111820434455868
-0.169595627028577	0.111588595197558
0.487993865983226	0.430163998304733
0.0527607973971297	0.0370127486151438
0.637206794819527	0.494779206331103
-1.8094056081978	2.07717080359546
0.346743944425659	0.213382294706237
-0.535536028318757	0.364953308728804
-0.481189750162196	0.349158279531914
-0.477580744152569	0.3124634713717
-1.35333438631029	1.42012010001371
-0.820241718521873	0.753437514928444
-1.7465485647772	1.59078920541214
0.0850503351394056	0.0678578486084125
0.226724420586602	0.186726936226973
-0.486671954975823	0.431487961736478
-0.867402879152517	0.927921309470859
0.13752718957552	0.116654780324567
-0.0106599521313434	0.00726046053811461
-0.121069221684489	0.0991246662937863
-0.423880355673132	0.35850371048876
-0.544532742226659	0.526248183977971
0.562078326768219	0.526793876184553
0.109459485789703	0.0793089104300346
0.258903338933832	0.218306272882996
-0.888079031302112	0.849128009242054
-0.0104190939246837	0.00558851433193249
0.167359078443144	0.125450987931015
-0.498660177745429	0.540404888945555
-0.183766278087963	0.16089689584119
0.420315941025626	0.609762547453027
0.364060597741337	0.425375028565659
0.164767312649022	0.130707910969254
0.301601240143727	0.269622446161872
-0.882500075501266	0.848058919182393
-0.254987923596196	0.198803001911742
-0.401095146767788	0.35178019351468
-0.339766276962083	0.319425531082771
-0.922203215849425	1.27194950660609
-0.300180898157676	0.301716448482643
-0.580484576134252	0.59034644850838
0.889789600394425	0.993265175415784
0.338167472254292	0.299073984900494
0.967173954823174	1.20667195254794
-0.104989187334831	0.0800422679449446
0.301571493963216	0.229521447064969
0.41641763903975	0.283755515653728
-0.597890947118237	0.582434092158107
-0.473208399475864	0.471352663693615
-0.243630680325492	0.195795346290069
0.145991595898252	0.111567098718282
-0.560561057412111	0.462635456237821
0.369706175385264	0.306222661637303
0.089654227838742	0.0558287500570456
-0.610548347191655	0.588249716725406
0.292751957874184	0.162276939559145
-0.197788012464548	0.146146862650965
-1.37169981568968	1.44493237650647
-0.481861810957545	0.34736379054755
-1.57713252511357	1.60809065928865
0.452647334167183	0.441012844101444
0.46408977914002	0.358350597061993
0.303455140339588	0.223663332520294
-0.184314814852645	0.127681698040517
0.472864991225405	0.491563172671429
0.126632434993404	0.104533159929226
0.324421449112044	0.325480068462292
0.50323831500414	0.467725262333144
0.811524981804858	0.993519103311143
0.560885677882291	0.333656080103621
-0.430118160969406	0.36186359622582
-0.701240978713571	0.535127632392793
0.305124979649773	0.21238842723473
0.120439667382822	0.0877029764396139
-0.952975230235622	1.13095367613357
0.574479337217055	0.381275803265526
0.181755197922168	0.112719951697717
0.100558076195985	0.0720183384802767
0.00979677533646146	0.00696705195484875
-0.148691388396805	0.104539988578701
-0.438949806753697	0.351218597955162
-0.524952018836383	0.481113609132595
-0.393347800019327	0.288654080480803
-0.520564404804839	0.553244798791802
-0.385557120583763	0.295955353206479
0.417147755151502	0.426316370012798
-0.157288020512387	0.0882898446623424
-0.25303881321555	0.154013067658141
0.181596377108132	0.12557688976463
-0.241975221527286	0.154714714515801
0.157090502358393	0.111629548308646
0.240446227275158	0.178740167795647
0.376108978726339	0.32635047540041
0.325962626805254	0.240355509140957
0.321066579885736	0.176952831502304
0.289502615019404	0.199459821334719
0.0659334795551659	0.0365427514941345
0.716327356239824	0.68572970984915
-1.12090445337329	0.698810897266241
0.392287679562866	0.237817428467245
0.423915095579847	0.221853533709788
-0.00615794474576293	0.00293410382482484
0.637087680007655	0.237157063591886
0.415282751935383	0.123569825308238
-1.47950895509192	1.6480935986649
0.451416859549864	0.451915832486777
0.459662817452614	0.331558878767349
-0.219398580073877	0.210082899407476
0.229380962962081	0.188741152963772
-1.25939280508466	1.53631942058106
1.1962293552218	1.51924848322298
0.211481851277942	0.155691432537271
-0.515301477795377	0.440455847615482
0.651637664265219	0.547184437435576
1.38587052609492	1.93450727193098
-0.31841997414719	0.204545862561477
-0.120885650871104	0.0666584061959444
-0.389409498544635	0.355894729347255
0.376106272097702	0.2518216183729
-0.452857696595338	0.423867052356605
0.841291886811769	0.882873664718549
-1.0879803111532	1.20375245145041
-1.18809608667569	1.52305751361981
0.153462045452606	0.129519319303557
-0.0789678841724108	0.0573416216859395
-0.110572730535644	0.0784399501550866
-0.959584043459716	1.22222392481704
0.692320039083443	0.833477705473686
-0.944299908554587	0.934022464880382
-0.208355596664999	0.140105182430699
-0.100263924722921	0.0736287574720736
-0.487793174922511	0.352924327439896
-0.276145762277927	0.205211470258828
0.102156552407585	0.0704810007037361
0.379243075107268	0.326426204344599
0.235163499130993	0.157591092628584
0.489980375161617	0.342912665590202
0.219742639165198	0.14010805020078
0.319065671099587	0.307056720715201
0.276235658461202	0.216242379227726
-0.205516428015581	0.129953224294135
-0.0621459970388313	0.0354681625278429
-0.354988166073347	0.211372538943513
-0.333837514357999	0.194888958353335
0.254727248172215	0.115360002206588
0.399404816457821	0.140732723842251
0.139992135990143	0.0547410913474946
-0.277970213981702	0.123895301310039
1.37400821770062	0.655683629257101
-3.48684786723238	1.30962188681385
-0.371924682240416	0.122998041667197
-0.531068319211691	0.187693598950229
-0.0466694734557601	0.0290968832387491
-0.336381746386122	0.232858435721736
-0.435572857143862	0.36346674849707
-0.367334890137762	0.322064756651889
0.242275792270515	0.164644018985608
-0.319680951461046	0.341123752779745
0.734404001431194	1.0109305054566
-0.866258720855765	1.01959911063523
0.0465331030563169	0.0419683554738849
-0.286788103698571	0.227343769827026
-0.108157659021715	0.090782773743415
0.415212350537979	0.338186261342866
-0.478390758271955	0.420014706643739
0.250411553628833	0.188829147744559
-0.549980563032984	0.413421912041292
0.228237164181821	0.166412827775258
-0.436499806158332	0.3250328564137
-0.6177908588189	0.444849579529017
-0.242116702142548	0.25316925871292
-0.221655799146071	0.168593342205541
0.232970710654033	0.216161561897794
-0.172612520558234	0.156632112402213
-0.0705439968127135	0.0507887683606898
-0.8693275010724	0.879882023813282
0.0535919773222265	0.0348135530731632
-0.03732204666382	0.0241284751033086
-0.583970282480978	0.45257645646049
0.676344558979842	0.757216831577327
-1.483069150615	1.63473077293102
-0.914576684749255	0.802977290291212
0.46365613454753	0.43835386774761
0.603092765177433	0.554350469282586
-0.543991485289861	0.334575359415837
-0.748531114791742	0.519375578635667
0.061254436376978	0.0380698819123643
1.28561090719043	1.53124134852731
0.613703703847939	0.506152195592709
0.14532851927865	0.0831004846087149
0.0898964291371059	0.0557156445216846
-1.17990839820144	0.759209428764406
0.149667013950503	0.0729591428185538
-0.0895201672927494	0.0515533968817002
0.360149383290901	0.311486143739666
0.348694074113087	0.161422786833289
0.640054763442401	0.238074293642018
-0.362251209062808	0.119665131278056
-0.526334492396895	0.274096157122441
0.459657738792355	0.215239480368062
-0.147874637047156	0.0510201011043949
0.100874787428706	0.0520830280039702
0.739576406983422	0.462654142985278
-1.21601382282196	0.427835494487656
-0.13881005562661	0.0865338131057246
-1.43898424042152	2.17218539137751
-0.421188125718714	0.403454192224724
-0.439218903391006	0.374847030676736
-0.450509042161775	0.501059309531613
0.169529218872465	0.163934115936537
-0.442911222632923	0.471339460706371
-0.963809529044083	1.43095336221052
0.231593410374679	0.192136066772697
0.576225700828641	0.773673139095195
-0.4968373840615	0.360620943881656
0.428453738064079	0.381767790554163
-0.160579025559585	0.109973320127474
-0.710041672257295	0.658546147140341
0.26474183105767	0.224718707729136
0.156255639052868	0.106523054946181
-0.75255835957203	0.948471931863666
-0.714928209662871	0.968199022665091
-0.693646636903251	0.662862067163165
-0.0140223203416844	0.0103796330574537
-0.52456580152211	0.447889703338539
-0.758527305456134	0.823672690488905
-0.245145094609871	0.241387673044726
-0.211555831783819	0.166285054759043
-1.2519373197629	1.9098636458857
0.109421158008564	0.0936410961308452
-0.0846544179431425	0.0679042700491116
-0.645765550818624	0.564159433629336
-0.843250633166308	0.978924688631554
-1.073312712442	1.70467104167196
0.076645828822539	0.0657475292141233
-0.869555416322301	0.970631937568721
-0.396994277857181	0.289642884880256
-0.384201936785853	0.317152891029373
-0.572059124933892	0.443203518863449
0.630352991182495	0.63713264938174
0.635645678947272	0.671453493920345
-0.700848920607822	0.590125332585675
0.122676709694181	0.0772761086852596
-0.40195931189435	0.296029018227308
0.449751093638709	0.507564708283642
0.569234385227419	0.512419952045657
0.446847716910334	0.38536889061917
-0.102183150419229	0.062657593706492
-0.0983583533385315	0.0572132747125748
0.0847715269109184	0.0504526422553585
0.30756535316031	0.289446707302022
-0.202153425751532	0.134087869211225
-0.397810957187055	0.265788097833651
-0.34381657159788	0.18068796682497
0.240415770501772	0.119722185336803
0.203666325426594	0.110284167138097
-0.902548867255391	0.496573242722331
-0.272433822065717	0.12142923844777
0.749243505056204	0.372383596789597
-0.182310025133674	0.0763403660262172
0.018674883524217	0.00620565996581396
1.02679124153243	0.611819598795333
-0.930783220677464	0.506011926796992
-1.87642090002457	0.879367050728083
-0.370107231149451	0.167511676082362
1.4179130863777	0.881913101265334
-0.178422709476051	0.0752743875694591
-0.0882402276628165	0.0430447511558652
0.367640536081743	0.263554165497296
-0.52947384025409	0.2736129978701
-3.28677059898212	1.16842130879953
-1.00393497995285	0.325659595223839
-0.932920636467855	0.519090305745985
0.272606272559327	0.109194672234595
0.793986989070199	0.35320199546642
-0.0977684156152008	0.066494909659824
-0.172436023948721	0.124707878355993
-0.833428582069591	0.764900270253885
0.194154297546433	0.135206169553642
0.0295245734723177	0.0253315945636047
-0.388629203339259	0.397245818885818
0.411985539950464	0.465402381423728
0.0273920528685538	0.0217026118818876
-0.0702039338690436	0.0556001824708823
-0.596424279569166	0.545237800553212
-0.332996738819895	0.246356539680329
0.920798127706706	1.16712123565893
-0.791838490775743	0.717536728955868
-0.610613885525906	0.4410347440916
-0.207924594591587	0.138796359235697
-0.55067111983037	0.487264881065071
-0.0870011084743433	0.0733562580309758
-0.967159065605161	0.978286223637483
-0.308672037793411	0.273228392794355
-0.0315781156324121	0.0239323665274634
-0.342260273101107	0.271726663804133
-1.19655426641331	2.19821932956271
-0.133474022477582	0.101939423407422
-0.0175785552715437	0.0113549897875706
-0.346647285884477	0.245178572804947
-0.518444582079384	0.380981360436543
0.141968111008305	0.118448694436428
-0.672354067579084	0.597977529208646
-0.176190700057582	0.133300789792814
-1.24566639958916	1.04134048064509
0.179771753552273	0.11123612847698
0.383158103382349	0.319291063924294
-0.418380339730003	0.454802421437382
0.00486631448981002	0.00239715076280631
-0.571294874721923	0.510574887839007
-0.55813427341126	0.515648363062605
0.0416748571204899	0.0228922000596909
0.319607621457112	0.307443626450936
0.372050262295009	0.266074881516139
-0.433091471114541	0.322996205456706
1.63618355160348	2.51010234991722
-0.0724227041153047	0.0435224702677524
-0.0129084009449631	0.00768719867527887
-0.0393845634625455	0.0167963675496146
0.412957927698908	0.260529170861593
-1.28570778177933	0.886634764080178
-0.509208556002735	0.218239023760628
-0.491683108277245	0.286457329473082
0.985328301556119	0.635310188451543
0.412297934228941	0.146833341309784
-0.0047693791203185	0.000906205570729334
0.168469775622846	0.0579793982500801
-0.681321006077304	0.327384222797926
-0.747051567068715	0.217483094268891
0.528093968494829	0.283039155999335
0.532173455508702	0.316701840953071
-0.490172226814098	0.212293242605882
-0.101846254242634	0.0462538407190239
0.261742013615349	0.10494600942063
0.156624813296795	0.0761505324828115
0.51418471539527	0.272619123179241
0.752860152961092	0.380364354204866
0.880632690042483	0.56178033808347
0.163327583042955	0.0935176681183933
0.496232454657228	0.34912180197748
1.24228895841864	1.01161685581485
0.213569441583543	0.105552050523974
-0.192714518809331	0.0924810061305949
-0.0378190254334846	0.0163678033984348
-0.132663422872349	0.0599330639283292
0.499676637912594	0.260144226221555
0.153117021321152	0.0589978698705595
-0.43519323691836	0.108865637471137
-2.79985724788609	0.873716383976334
-0.406526032193859	0.222102948703583
-0.704360952792706	0.271964725597275
0.425422496543592	0.177796281159485
-0.196501359390682	0.187744902113413
0.731232796707173	0.768489178707134
1.07123948103087	1.91821881762155
-0.4559466544135	0.45991805563439
-0.167060482435517	0.170585517419965
0.0423783312117279	0.0330376595570958
0.0857848011706295	0.0671756529930835
0.639098612769289	0.67812217802743
1.01606887717262	1.26671034845261
0.947235378792646	1.37958757027419
0.213273398107507	0.163816367663064
-0.511132951767964	0.434207899766254
-0.477729743009249	0.340962382238447
-0.0887557102573374	0.0645530502409614
0.140303128604563	0.134441466075246
0.00411119939448041	0.00301620199535788
1.05063580821365	1.23679344788604
1.27810625332512	2.2800488252459
0.285846729546312	0.196590442005952
-0.418330888083076	0.288727346476655
0.189806394145218	0.136822900657878
1.11007062049738	1.37348631481463
1.2242376421796	1.58277397438959
-0.829026785804171	0.897370962785523
0.417810998796332	0.356906721761406
0.154552426480511	0.113808490101458
-0.421226191655494	0.263995385324742
-0.153460345635671	0.0790098266277744
0.546670632340896	0.438272471289812
0.762934783580027	0.921877981116898
-0.465589215439548	0.29281552263308
-0.419379534240901	0.261466610561819
0.284336426564279	0.206502903464678
-0.19589230586249	0.094259499618939
-0.451926587601098	0.221701456962417
0.29506624288427	0.16530577865633
0.204923815926946	0.128646608912376
-0.183108786090423	0.0765276679551698
0.152766301568462	0.059131390844142
-2.16245255791521	1.15288445823211
-0.275683140149197	0.122203642634209
0.938863650278615	0.48421264834243
-0.846825037482297	0.434467365383946
-0.648034146033222	0.424377234458014
0.0696704763171639	0.0292878704609134
0.413331990356892	0.217021666311064
0.133631196529903	0.0585118285197375
0.00538338730729679	0.0026019158183207
0.667819608681248	0.483685251919006
-0.12567742972043	0.0747613738751148
-0.0158559041192924	0.00778308815138405
0.496182655987641	0.345242769748197
0.231462808901419	0.116600839607774
0.223588775108958	0.141635619263257
-1.04316330058813	0.482935566267308
-0.530129247698589	0.189846242722901
0.00460406685116067	0.00182998623604544
1.06532340238461	0.487060483782123
0.00135337797027635	0.00086092358864975
0.019608730544129	0.0076568605348399
-0.662531184006776	0.375355447405894
0.162297031487906	0.10589874443775
0.346043431016338	0.259970220606423
-0.148357695840442	0.110286311766857
0.589280288582247	0.668393252537941
-0.162945282863147	0.132316488718323
0.502948969111944	0.557311592171389
0.177853929684296	0.133240977225897
-0.678500127412755	0.78045494179997
0.239444618788436	0.212451832453905
0.0583232277463573	0.0388955238760742
1.22719392950874	1.79332233638999
-0.214279051894767	0.191982136818463
0.00901861542371184	0.00590871906790189
0.473325739621399	0.410848782252856
1.12701968439726	1.76839013162338
0.0782581530431918	0.0432960440442485
0.718102277371343	0.78754622085229
0.121139246988548	0.0686698546160177
0.253430122385702	0.114990121348833
0.415331178270305	0.263078971320139
0.729437815388546	0.583932139193093
0.214401898675466	0.107048542135292
-0.0299970287367116	0.0192432393449728
-0.233505183985971	0.140228240761949
-0.304173624022002	0.205309215854411
-0.075499094823861	0.036970692733471
0.350936306872773	0.261703240128023
1.40456833036763	0.567062939697428
0.197012497507999	0.0672609944723978
0.0350037036693178	0.013131721590077
0.135900930604511	0.0658355812168303
0.140557386217437	0.0684269554233187
0.250970472967764	0.113386972980037
-0.118474080365882	0.0538739137033286
0.149872671795977	0.0656398179352559
-0.349800538704041	0.114830430571504
-0.129326859450535	0.0588653194766323
0.128720700906494	0.0559443179300622
-0.0737815218861635	0.0292294251689197
0.250000151876086	0.111518455205715
-0.690222162225169	0.267244783095342
0.946685789928798	0.49007898692486
0.562381399844138	0.33942183928474
0.25064623741238	0.112502031340135
-0.0153837596003624	0.00714168136928438
0.182359653639889	0.105141518258565
-0.108046959316438	0.0490884175697419
0.484055673024151	0.314473767843725
0.0569323637828759	0.0242757000660611
0.63987780486789	0.427145689626237
0.343325561750434	0.224866663166368
-0.126105196112073	0.0578403871313298
0.84516101239292	0.592145922397036
-0.574068687567891	0.309307490610578
0.0573606517692569	0.024430981635438
-0.501699380073382	0.216411434697016
-0.0296528809152812	0.0128935848005314
-2.45134238329888	0.701561996022762
-0.823169714212457	0.33901850713761
0.433771578739787	0.178269264490332
-1.66716764343459	0.714836617722518
-3.06460514011512	1.03559032399618
0.88425511969923	0.51132409349092
0.22840308165767	0.135440353256784
0.000403016821463799	0.000323461599581097
-0.0182747209179062	0.0130551887647609
0.213882079273585	0.224727574679389
-0.347959468364404	0.367790729710701
0.308964166723162	0.296249279664361
0.330376953041598	0.343102467673493
-0.601125356286353	0.646152607263839
0.194753326056529	0.177013048162755
-0.621740404224997	0.540231286654854
0.502953985431554	0.47903464677558
0.732257564056702	0.802531800213883
0.247371700967315	0.146696908658974
0.306269653791302	0.255939254479409
0.0570550515846651	0.0470976187509322
-1.30679228513364	1.49505658763365
-0.1357926409169	0.0815097014856084
0.00769449315615599	0.00533971669937028
0.431539001719036	0.399550813292507
1.57357138732135	2.96124345038493
0.620489659752693	0.725192399853526
0.204714497352685	0.166544071822749
-0.454528866628688	0.473628462457232
0.221008848822653	0.170915333551155
0.128289119139599	0.082338239989772
0.703467457735836	0.769449186871849
0.0398549417269992	0.0256231924885803
0.35063782535227	0.275574427433447
-0.15921875982437	0.0975372437974491
0.0430461709402793	0.0295639697588643
1.11709894442045	0.588409101626042
1.04484386850982	0.477782956193895
-0.592049129238993	0.269913195025955
0.34916146821224	0.162394281336232
0.326087801794802	0.165208875630819
-0.193063504903034	0.09338486305847
0.351178596274678	0.197128754916096
0.752646562771129	0.373154713201841
-0.232167607500543	0.125992015009628
-0.126289933261326	0.057698143200621
0.491639261934298	0.258823722415992
-0.196680343237933	0.0820005200127628
0.360188991461286	0.167456283334211
0.315108110181997	0.161287877328559
-0.0782452449561283	0.0414429987866544
-0.176044256775522	0.0739176900651235
0.90782035084313	0.463557861949696
0.337845992441744	0.155904085989382
0.284996919431352	0.114597194959771
0.0576913559673332	0.0245695731199481
1.2872717788907	1.33384053250664
-0.0830913447043303	0.0506357820361321
-0.335790701224284	0.197992071044686
0.388314079125083	0.260089096688478
0.59270874493439	0.546614582790998
0.461901940072471	0.31786359299042
-0.0258590520805591	0.0116475786800761
-0.468327828309453	0.302665991052083
-0.132083882610623	0.0603136114296573
-1.58990668935787	0.979724938687727
0.356670768098801	0.203825435715625
-0.0786334457961062	0.0500985368632417
0.0607874506189402	0.0335036046469924
0.641572832534012	0.355333467861242
0.750605423783577	0.466411181074822
-0.531606101855949	0.189277603444168
-0.694341903889804	0.268912580688107
-0.936779142670085	0.637573657762607
-4.46538227687679	2.18168830469334
-1.6437319597064	1.04875159709177
-4.43789820604355	2.15578037661456
-0.834494594245638	0.619703935496239
0.639742323728983	0.464522573618678
0.594511915551852	0.423675556751721
0.097963060753331	0.0618970996481315
-0.120591505209551	0.0909346224614803
-0.0371154294827389	0.0275708410974678
0.308198167996893	0.278671612770714
1.23746113611871	2.51206214311442
-0.112909002827462	0.064883570532801
0.586757129440019	0.74315604018968
-0.449742796019872	0.409444333491709
0.411440423022751	0.362604760071009
-0.181879917876608	0.126468104204361
-0.434594593900516	0.304247519686006
-0.363973722957844	0.240417524055626
0.559081384139443	0.541982855314202
0.556470758887677	0.604331110828416
0.203573373434163	0.1101302477733
-0.129360388913166	0.105405923390289
-0.186177713932926	0.121338425963335
1.54867557125705	2.01000850365431
0.0235973694082403	0.0153769340035646
0.109250656483975	0.0762610365219963
0.295460244872322	0.245327498816629
1.1876259687538	1.43973861015027
1.35614891825976	1.91271701136048
0.922308913238566	0.828876135384584
-0.151217354983882	0.0897643741154151
0.429996378747143	0.333067350251257
0.959422952107204	1.04374085579658
0.583831458681292	0.558042759516205
-0.222854232051039	0.132340588776231
-0.518498727288751	0.3473125498596
0.158127916922444	0.0775139529712224
-0.0681729430198133	0.0432301130510162
0.230454917297977	0.145548601873614
0.0250919024781656	0.00545638681757747
-0.12691162531755	0.0447839623539951
0.61962015662665	0.30005328208057
-0.750536953292997	0.374120437660526
0.191770153687354	0.065307408349611
-0.474075564830979	0.234331410781918
0.232432590857595	0.104153605701871
-0.490708121210966	0.212306038332324
0.0305174788221195	0.0114555633770766
0.0222977086444578	0.00495045050844717
0.371674213584189	0.169419939332279
1.01618919228413	0.589862888564436
1.12913193016055	0.901345105607043
0.283397376727181	0.114930273485292
0.943363632142645	0.973293065085929
-0.50955340090418	0.259498762219247
-0.836739607722363	0.435760403822484
-0.194899545117141	0.0934752377634743
0.0124117661765273	0.00486944532753032
-2.29558890935251	1.30009298465367
-0.281019284877133	0.123783984297185
0.957630372869734	0.684562157030744
0.359552859812733	0.168084101391896
0.177118805950575	0.0610661826292302
0.0961997898691826	0.0272348890602892
0.429620655676286	0.128218703846406
-0.270181621018393	0.166347981742277
-1.79452982767484	0.813809109260623
-1.5298282818757	0.620768350285967
0.619029339763358	0.301934907246347
-0.0363395473243144	0.015693609902202
-0.120302804751436	0.0427178632816755
-0.0275775670749932	0.0117652252406596
1.42343873202287	0.881956665354148
-0.259668014795669	0.202988148988188
-0.529856290062905	0.634861185263206
0.0566635313223147	0.0329254620736271
0.15723873311291	0.112567630891298
0.291814196081911	0.265499276268837
-0.192669040487428	0.139889515632172
0.337011275322814	0.220449472065071
0.12355017269485	0.0867681057300831
0.71263868000333	0.749676867804569
0.284322413248932	0.214777181958951
0.521840579509649	0.561210174133215
0.608178863885561	0.727162602431655
0.114822333633242	0.0735649839423651
0.194563856582537	0.169731524233736
-0.635202435644001	0.402935118659473
0.346501591349068	0.273186256010748
0.381336280560937	0.322979406790102
-0.213181508215772	0.143342479842004
0.839604609163447	0.998433122562655
0.228103053815373	0.18286749258885
-0.701737434927924	0.860595724960451
0.515573087642199	0.432505111958728
0.506042666972263	0.427669691289972
-0.281558344184047	0.232961069974332
0.0492688874441496	0.0304744962985949
0.0527165317670344	0.0302394962779838
0.0742830138263893	0.0458343317160025
-0.412858200003487	0.285077337596962
-0.668633800896755	0.500103159930169
-0.287295550378321	0.180437101451357
-0.358366881045547	0.256072592003747
-0.0468998765796017	0.0249630826654514
-0.672720145418025	0.44515389618411
0.00528119965471116	0.00238191921112967
0.607340423147463	0.298516040027295
0.883460835755112	0.506975773560151
-0.258966418008793	0.0989400408094502
-0.362354966588359	0.118099561417882
0.765391578066254	0.383325386418187
0.651758425454978	0.240115912035068
2.01125785092255	1.91616545121114
2.24113077997753	2.17216209683876
0.391980678608025	0.13980315463175
0.592718480286251	0.253001756538622
0.248252091006042	0.112200955826236
0.870551940202275	0.552204002819369
0.2950024982989	0.14582729103972
0.461654849004508	0.219914321930284
-0.955838992213701	0.414626778085278
-0.149178198663079	0.0517786216797917
0.146544234098299	0.0568394519244102
0.662587860940056	0.404938159618251
-0.250100989358233	0.13250944667285
-0.953074631484527	0.653955343066364
0.490823475896647	0.317751515100846
-0.933968463294445	0.400750805867394
0.0199975354912948	0.00661253091470204
0.248879425246988	0.123551691668662
0.025084006028661	0.00974236086046195
0.568055003854901	0.33813737520144
-0.92884401664091	0.40438157559069
0.53960542748939	0.31991615844572
-0.123207055942461	0.0439075154817244
-0.827254148001063	0.341185344999163
-0.168014866498847	0.0868209730256586
-0.128907076332407	0.0455231115625872
-3.06126365180389	1.03334155880199
-0.816852932603819	0.337391929721359
-0.270771865478464	0.12096509182914
0.634017835554564	0.352086976992121
-0.370307411498217	0.174201735304343
0.369673683802546	0.170914820203091
0.979293698608793	0.635805634913757
0.430266762179739	0.415526890033489
0.154474989588506	0.108117482968868
0.336570642084146	0.27083272872808
-0.407767108762288	0.320330441457563
-0.189522299449522	0.162187384780834
0.549195079051599	0.528735128060444
1.01763123067999	1.28698279145187
0.362743384535125	0.257167445083228
0.526923078651343	0.488611720275451
0.857830514731935	0.856633680346478
1.15760403492146	1.18120327631855
0.374003754636122	0.347215724851829
-0.746280867931298	0.526680774078
0.311337914470963	0.250704508700657
-0.0458877143681358	0.0193429261826085
-0.793372470733101	0.491945464720812
0.255427101989353	0.181413655901157
-0.0841631454370732	0.0590567483892567
0.516152674684854	0.47519182794365
-0.440719858261886	0.379161402782924
0.60732693615017	0.60400845796146
0.722352178361682	0.584157872891884
0.286915660350654	0.1974992705018
0.688931418588574	0.707365901167291
0.25192322859961	0.171242987641527
-0.0653769956843831	0.0413524467781049
0.220802403202465	0.140291134555855
-0.593476234116994	0.376491364899181
0.134723128506717	0.0822927264852859
1.07621127830333	1.08445536472102
1.14714519532414	1.38515003830208
0.0685711564554589	0.0353644508092745
0.381275567193134	0.256338021541284
0.381602789706191	0.137053813784318
1.37376305810018	0.749743008187185
-1.91586188265716	0.886584750296811
-0.129805545332075	0.0463713488623312
-0.360512235247157	0.119706655186966
0.380325490420576	0.135317073268096
0.857222442023004	0.545181215817759
0.591073365625847	0.287862159821909
0.801718751580956	0.356799399040261
0.586704583295598	0.250407074254249
-0.68400101928821	0.263071221160255
0.80906591219364	0.358715814324874
-0.423507419322148	0.207082633049885
0.820727340766859	0.363185919256112
1.41594347704764	1.29103459546616
1.00661451679373	0.846850941717711
-0.757799488049053	0.219392305235201
-0.478365082444653	0.206344531961875
-0.432293107670561	0.213142457077883
0.5081595518595	0.271469028353124
-0.193479842135066	0.0811787467660521
1.13226849790961	0.898175796613374
-1.13311768906286	0.882764832659376
-0.521033053656874	0.352800973882026
0.00742656397107607	0.00363966220254559
0.372694797684968	0.212213905320443
0.162784204147184	0.0863061685726713
-0.0785467430321283	0.0311515286808821
0.150838850646677	0.0663400424183819
0.0156521766599156	0.00760414625241464
-0.0363168757165176	0.0193115927389173
0.269248718618064	0.161060064436159
0.647664026452436	0.244160495313389
-3.4816779069085	1.2960613251949
-4.43669923854695	2.16624067073966
0.0904373267686274	0.0260675212251526
-0.538653611160518	0.194020181412695
0.397621930090323	0.140481815081544
0.0477557104031925	0.0230179005190019
0.00916380634003694	0.00391765679965537
0.0769743927709665	0.0399244835217013
-0.593860126293046	0.271392256598195
0.858347956931814	0.606209816268256
0.727982752066345	0.405888273551022
0.77086149315768	0.48348385221457
0.0133746637810468	0.00448942238718655
-0.260448866796009	0.114978796413143
-0.512180297549181	0.265626790868213
1.03441549566023	0.60985345588075
0.410521507295873	0.122806178617346
0.52288147955108	0.276239797915273
0.306978477703308	0.182528534561536
-0.134574105086626	0.0617225270359127
0.299521194745624	0.153182606862075
0.0528700486682329	0.0226894427606597
0.000286538151570675	0.000853143614250422
0.802539860512343	0.35855302817221
0.369489249107664	0.291602311204598
1.11411175723265	1.6081580530546
0.0903976074376156	0.0745116503105981
0.271750236841163	0.232442197963602
-0.352299400196341	0.336096021216675
0.00810424274190686	0.00550293810325871
-0.8899167109549	0.861917005299833
1.1364363395091	1.29669807374034
1.63111422803477	2.39465848321536
0.245325971757802	0.174003411860622
0.120728497162863	0.0766755883977428
0.265140593446563	0.198426974972085
-0.210415692274597	0.139626513460928
0.347841758995366	0.16165079605218
-0.262213206032071	0.183055030836632
-0.285241761640474	0.203001244071971
1.20083587009714	2.00514696794244
0.118989443179117	0.0979004761474285
0.727315960978217	0.73773145710071
0.475025231755616	0.396598182172358
-0.253554312360384	0.165317536678676
0.434239952142464	0.29755845687594
0.561872165854683	0.506779981451675
0.991049066512605	1.15133141952167
-0.0633817754656626	0.0335995944111891
0.352523478876209	0.23461031447723
1.31931142227903	1.50465265713305
0.0597593413306638	0.0329820154476606
-0.326231646329375	0.252950945607141
0.698158243565278	0.595560747284063
-0.198642908725312	0.0948275469811441
-0.18240846182929	0.104646894180615
1.40962680615012	0.871460548244577
0.0696166527712768	0.0206451610917693
-1.66464179345882	0.714615345920321
-1.38093360621636	0.526262258956603
1.04882022787804	0.478915430349074
0.0121901248009503	0.00497647820764893
0.651240100440695	0.435414601054663
0.15461562191673	0.0674956802726775
0.422515618547902	0.220957680977509
-0.282779642405445	0.107301889461834
0.350015316695115	0.161852052239205
0.02238105651303	0.00742307497027491
1.0608925838684	0.492612680226877
-1.12941827808252	0.5413984826315
-0.482198819682586	0.2081196727397
0.0113813691140024	0.00401846568287225
0.478014517464088	0.305777029807205
-0.681444395165804	0.323678481804003
0.426497731650664	0.176660566405859
0.0817733983072855	0.0388133499952751
0.653854787051176	0.440394853159654
-0.905455550160669	0.494182195924344
-0.672592785432637	0.319623613896571
0.579647894170732	0.415689035640726
-0.0781943204015777	0.0384410882098912
-0.26759242335351	0.174138428206481
-0.346155530897733	0.160090527097915
0.280612304641427	0.114440906136176
-0.649580190559712	0.369578843628227
1.4306785218626	1.30119921217313
0.232960702855215	0.117182570877504
0.0513882412015909	0.0219734686787406
0.359173117423174	0.166199447339451
-3.30264665485583	1.17147525862945
-2.05473132532327	1.65928677241641
-3.29345288887399	1.17260840414694
-3.64520128299949	1.43661835601498
0.27655218546105	0.111553683292683
0.288888853366456	0.161098729836526
-0.98295654240527	0.558304523378198
-0.506674698546399	0.218755630788461
-0.272517404802606	0.103812121923326
-0.0714340442081205	0.0280394549806835
-0.831870103998049	0.439848160668054
0.348473911437457	0.161145904216905
0.140351300462556	0.0684955665528782
0.739525647686705	0.415962547024205
0.142512981454836	0.069576870226154
0.346628182258217	0.161040854746541
1.85949418152063	1.47112592030319
0.636664277536569	0.236141642831881
0.397544542571777	0.141209504104191
0.41148531831256	0.21330818120777
-1.3245199081758	0.704538828581367
0.0744120408873236	0.0383687315028297
-1.13221125795127	0.549175445289742
-0.694308185175095	0.267772684683178
-0.190972752300108	0.079361093931232
0.162321840042711	0.0788623717340748
0.268791977212295	0.108448239200086
0.859929058972472	0.599913935852024
0.458334521332106	0.217429089967682
-0.151753243533539	0.126452351239466
-0.479415134104181	0.464203575918645
0.570941109601056	0.62286355333383
0.456401631688409	0.565190848215611
0.686093562705236	0.800930690874152
0.829618790229884	0.945767694260693
0.604457661285309	0.498518421322075
-0.154165204301756	0.104137663378205
0.573390259320464	0.519659016784906
0.388818894046549	0.341204603831365
0.414016685415789	0.365354694874429
-0.0434906825715593	0.0283114973343121
0.0799055989185063	0.0478286952773495
0.0257578231559464	0.00972576196996201
0.46504245104689	0.438555212766097
0.506091392605493	0.539679794787716
0.493443030974226	0.526063016939898
-0.417190439496545	0.454328388061251
-0.764204077331351	0.786164161133416
0.0563183389435487	0.0405705572971006
0.466012876561833	0.364212355569103
-0.0635961482047813	0.0455673614126878
-0.128273081276413	0.0765609632412296
0.362223724570687	0.257874202375155
0.51008688021872	0.38428742125223
0.185528242062476	0.128336834701852
0.260928491175726	0.195318859456884
0.147204390637026	0.100310635821394
-0.237725908557355	0.170225853232484
0.124700403738163	0.0789152338592184
-0.248072309362983	0.149620943780715
-0.53320291978185	0.324568361947945
0.101308259918085	0.0288493166998141
-0.356567333176069	0.117820252033101
-1.00107181477754	0.325087630352486
0.964519143840274	0.372846007838774
-0.819023769438404	0.338093766836696
0.428608642991841	0.177852438833401
0.599108222335304	0.294195623115989
0.875625044226259	0.560583459241326
0.430252749957201	0.178758158847202
0.271490042992885	0.109129781733719
0.416325307584454	0.173496862769565
0.243952884488986	0.110405884037157
-0.672392977668001	0.315985746482613
-0.29779300841664	0.132586257698283
0.65043005704482	0.242433401204594
-0.278181594663989	0.123864694568702
-0.271148104179514	0.12025910037863
0.649016937286877	0.242370997187168
-3.05618104878537	1.0262548781627
0.924075957141008	0.47194005062514
-0.0896287308965427	0.0355460657946643
0.170388979598489	0.0580930452805389
-0.119736948735083	0.0759567380995387
0.00140591090512698	0.00068803075200932
0.75754222291542	0.525973624710858
0.313442468111294	0.175168474483213
-2.07330788080267	1.67809352897534
-0.0263052497120552	0.0118224792234214
0.758826697732703	0.431525640713118
-4.16910352498285	1.8867826163143
-2.23715463805895	1.24649980985499
0.204163014712889	0.110883821597679
-1.17030498455895	0.7511606395753
0.233161106578393	0.103443334067
-0.6794608415284	0.262002494738443
-0.416008394732002	0.105752547806177
-0.384706571246957	0.155193007563913
-0.182883887837031	0.101346862151381
0.422986031167337	0.17713817964001
0.0227244984210917	0.00873075957922581
0.148160829509059	0.0791927186212326
1.18000988866052	0.874122029959029
-0.492099897055353	0.213423343979133
-1.8221302291208	1.28919700959065
-0.147566865327975	0.0762080829897955
-0.90467814724408	0.493846036316209
0.887077645908647	0.509082005429971
-0.701618114424101	0.404097731536322
0.0528048158645722	0.0225655355731747
0.220122317965157	0.118658087382343
0.254102739331903	0.114861713601829
-0.184334540884457	0.0877367529200397
1.00178965046519	0.915392559930593
0.13441313184099	0.0591030554902068
0.0135088015183319	0.00540126209264667
0.139232151258616	0.0540790364103488
0.0088213847324299	0.00373475466481735
0.604414182497843	0.260658721080393
0.17123741525985	0.160014123173902
-0.426007651577269	0.359537532788642
0.31404001543646	0.307399731620034
0.254284006890863	0.221954779447326
-0.496865771517573	0.496471688029295
0.987198446421861	1.18532148296154
0.218833853273157	0.160685614975951
0.0925738939144034	0.0555386113580439
0.178464191820845	0.123269955248872
0.102956559301789	0.0899403779095701
-0.404374703940493	0.417872730062992
-0.770516810186761	0.614662600890273
-0.114788994180744	0.0905550672549721
0.103794237272507	0.0718807395439211
-0.215323374508801	0.211694987409399
0.34260925268911	0.282608847730508
-0.134722932768383	0.103203615796718
0.480682767512324	0.5748464032878
0.574403689686336	0.464177518410408
-0.200878388816543	0.149574977873526
0.517520086095976	0.539654350921832
-0.225063388583695	0.180092574746798
-0.171967590060188	0.111532904588602
0.112178619458155	0.0857083311631446
0.165974541720102	0.123093207584247
0.180912806192477	0.130922536475433
-0.171474703313203	0.11781374901493
-1.32982095779015	1.53361746562312
0.0870526645791525	0.0254036846560012
-0.840876705262934	0.341715006833493
0.61780346198142	0.30235190619097
-0.101512868659226	0.0499394400226939
-1.9821257445412	0.966716267327427
0.42752419034079	0.126792554317676
1.06488743065405	0.489826259017873
0.225536206174839	0.112692734296256
0.450722049292989	0.263698445609727
0.510920279268494	0.271752708655743
-0.532221354718411	0.322321899667295
-1.39926233280296	0.527224307933767
0.423801147485313	0.221335237590831
-0.35023379333297	0.164351416552315
-0.130208928410443	0.046340410576518
1.26197172562631	1.03676983133482
-0.433246211684818	0.21195746548854
0.580975118689993	0.381631490661615
0.27655218546105	0.111553683292683
1.437527355211	1.7361583476821
0.354133562583041	0.280226805651629
-0.0614696602380467	0.0300700537557079
-0.00842995677916171	0.00397553009922687
0.287908214758001	0.18735340775027
0.356821705512882	0.202701140300413
0.454615340224106	0.264906258918846
-0.175293920781457	0.101216196066982
-0.698313067276759	0.33238397037112
-0.106643846134853	0.0418382133849959
-0.689754845318201	0.266295850677539
0.525760126029391	0.279016354908676
-0.446083863536921	0.220101875780783
1.08699530314759	1.08312572900773
-0.597659638518263	0.323362889890958
-0.708341794472523	0.476935247455846
-0.360611502331817	0.169897956027283
-0.839988216865544	0.539846685300086
0.757543316012322	0.571374040671973
-0.143434034731739	0.0805827830980252
-0.19983222312897	0.0812353880484314
0.409611211474143	0.258258011509036
-0.762011887274693	0.382946253161009
0.975041410748369	0.697890636700801
-1.66221008495631	1.05621084227098
0.691687705757368	0.500508558553495
-0.451005984526068	0.223047339104889
-0.331627881527269	0.172853137134001
0.510673444564168	0.591965164686085
0.326139377707822	0.264815815924022
1.27249303625095	2.11643275383932
0.0346416814424731	0.0226781584388768
1.30525298974643	1.63611538367256
-0.171657354916541	0.122305260572386
0.00343978195392746	0.00169923843596373
0.298416812558451	0.273154454834217
0.344565854918533	0.347152945020775
-0.167709714255957	0.109962648145295
-0.0210394546721558	0.012280597150568
-0.229481658712746	0.155766861460374
0.615869211600587	0.74050057609865
-0.687230221609467	0.755542980123326
-0.547285734573841	0.587690347783613
0.464959597924008	0.423031381744081
-1.04297901145061	1.0055447124109
-1.47564479071113	1.40863205286145
-0.469791340998249	0.412648874112397
-1.55187961282301	1.56797474090064
-0.582931902826493	0.488124740716991
-1.11745077096341	0.861124103375103
-0.13197053928338	0.102466585792251
0.604372633379653	0.259556609222184
1.38422418559981	0.757722836857674
1.02485364917648	0.606767093869088
0.0988982128667888	0.0280635469015565
0.126832044611233	0.0555334555433229
0.244986944127186	0.111598807712782
0.803481292994509	0.355694937590026
-0.532619896627481	0.191247390478754
0.748578549063596	0.375015284660951
0.225286047464221	0.112613537527055
0.436869901892334	0.182116696269084
0.761304836649807	0.427082646229594
1.41838152205239	0.884309411204494
1.65780602538735	1.03830832854709
0.0299437448569469	0.0112223012660924
-4.42784481690538	2.1443790516467
0.970875375066962	0.38052127890513
0.86223698608004	0.605830608631945
0.37260727325345	0.213798581223424
-0.270599115247565	0.136946047883803
-0.351569882898833	0.163039102450811
0.475752233150791	0.279984539846581
0.41130096784622	0.215549779493467
0.24157818934725	0.108825869987101
0.507268057609565	0.273012760204349
-1.66501462358245	0.713701392282868
0.00810089742805491	0.00315174042616455
0.363787855036797	0.168256446956047
0.212373447349916	0.104668869198673
-0.135667224399532	0.0619485011829668
0.734980127938673	0.413210763170476
0.0484914444770928	0.0206806767194138
-0.394270256863959	0.159666057186425
0.399654037854162	0.143137237559754
-1.67117766165722	0.719868927520921
0.753211043931408	0.42507231226289
-2.3179514010744	1.34410477273896
0.824350227908769	0.570359128982096
0.730465349414698	0.40899991339816
0.45704529119423	0.217498990915519
0.466288111549643	0.222643899155919
0.223874165542878	0.0987470982199041
0.420969792845885	0.417751793551029
0.867573513320045	1.00631141950065
0.267774708932469	0.255074895039451
0.422416954243717	0.390576718282094
0.116996174104659	0.0786314217660199
0.435056457698244	0.389559563861093
0.771982630615434	0.671700428644971
0.385234430954673	0.323708044053398
-0.178443342801312	0.123245828423675
0.591131611286491	0.762925813860334
0.947055041192647	0.975177747496192
-0.00555001650771971	0.00303372365152149
-0.988167775070863	1.00976037236318
0.215608713740323	0.135375479021061
-0.533666514209257	0.543967958873245
0.315984643028247	0.221515773586964
-0.79586576496463	0.491617266898181
-0.331315852208901	0.229651651627582
-0.206317987088919	0.099293024477091
0.148780654731389	0.0722931931085039
-0.399043781112404	0.157463719485277
-0.197738214977259	0.094838118796316
-2.45365963962835	0.711852342545335
0.391462407690461	0.22405876716816
-0.656864021907945	0.309175724563233
-0.74163145769724	0.217315819900199
-0.199555487304606	0.0827934838342427
-0.675753198127873	0.26086641092892
1.00636430361641	0.787500893136192
-1.63222380581044	1.03022522510013
0.145753946419013	0.0834198486144826
-1.19421702746615	0.781900360163351
-0.269557195591036	0.135614376962612
0.237345970589944	0.116715901214942
-0.5829877893388	0.264471440130104
-0.394162989035859	0.159143574830054
1.12177611852194	0.744155881733185
0.279900760062602	0.190802443831475
0.00577872403538896	0.00291872838379161
0.0043277798144302	0.00253989431547826
-0.359101262585818	0.167337409426907
0.515652573198383	0.277238795875537
0.410612971028168	0.170575867680707
-0.974069552996662	0.555634348282963
0.0375311363866961	0.0163036989016911
0.157773879263151	0.069226030841579
0.279153162810213	0.168084100763507
-0.28426483539207	0.12526511806045
-1.64200649564803	1.04973637284128
0.141116666318847	0.06852539687996
-1.31090338815756	0.681659219635578
-2.08829809336675	1.07532959331654
-0.770654394113707	0.383331602387272
0.276825575885103	0.112186795683623
-0.0743349378558112	0.0570006513619912
-0.33997074193137	0.37669597745579
-0.269654158719438	0.278444201825131
-0.112217665632272	0.0922654263838419
0.253234208829503	0.189876270967527
-0.413522204888759	0.419136201866848
0.558279927986383	0.452322923764964
0.135881806238438	0.0959567060008345
0.00294772189476777	0.00248748394790032
0.355152060424936	0.429180099090357
-0.305504947795441	0.258095048884043
-0.38399429866201	0.233753147963957
0.716415111067776	0.753547402795442
0.603025445588328	0.728451791044401
0.106669352231102	0.0839257296841677
0.0833074984328825	0.0493428233862955
1.14431808238546	0.612671950374974
0.639126893729744	0.349740153942906
0.524946465333708	0.335959470069347
-1.04846102335821	0.629681432408857
-0.14260339949351	0.0506501212002105
-0.193336735684041	0.0927334108877649
0.925244030484267	0.723215460144195
0.844100786932326	0.534163072676429
-0.042299438111218	0.0180804512038994
0.920151842191987	0.827695270748039
1.09693209215614	0.868303209547105
0.942602451921452	0.67131777206562
-2.45528914656835	1.52396659068084
1.07615763728182	0.939401696298597
-0.00751245603062853	0.00374222340359222
1.56925995992144	1.9435934162785
-0.230200682199583	0.124402289184192
1.0875048444295	0.694239026883314
0.476330232194597	0.227729693854332
-0.014506385645853	0.0066355231367718
1.03416012820732	0.469963629808871
-1.23223540097916	0.822693633469141
0.435649588273501	0.300097238774723
0.516228952766491	0.364251134753192
-0.614972786496135	0.443533515593343
0.00961460576586231	0.00470979921603771
-0.858087129267764	0.451148025109489
0.625138489710017	0.342704823625715
0.157656876364627	0.0964100098399459
-1.18342101429272	0.950104956289568
0.174697147826764	0.115104682597757
1.06990184937836	0.916084577910673
0.94445071059222	0.85943604071747
-0.00659094902332532	0.0046066847464203
0.36389873119077	0.26031840826257
0.553537568718877	0.361152034846682
0.643150764942714	0.467580465289262
0.505344524150394	0.271463255059538
0.757962559078899	0.425278773534891
0.573982868366318	0.381166448328027
-1.33179125036065	0.934589202237178
-1.19057708674926	0.775014862727808
0.370495184415259	0.26521304440441
-0.154545322501534	0.0798421718431585
0.298350250148653	0.165974723468205
-0.172950756563357	0.0987521673534758
-1.26077138959942	0.844322754323084
0.723865294314118	0.582073611387775
-1.58929077208627	0.976342335022825
-0.632313526325778	0.351224754668056
0.741414960886948	0.757123369621593
0.263288235260655	0.169166881661246
-0.0364777227308735	0.0279676163958167
0.14420240199255	0.141772692943764
-0.076259379952341	0.0675168682107694
-0.243839667833546	0.249195111614287
1.11489885465859	1.73651739585157
-0.780630389042644	0.971443662939017
0.771336819769126	0.894484521170942
1.12965006892877	1.49039393854103
-0.144442714336789	0.116046843706395
0.40714475956176	0.49908558257725
0.101592610810297	0.0726560268368159
0.276960361833924	0.17828958900693
0.27752167027675	0.23794164143519
0.13511219660076	0.0865734887343104
-0.46997381241535	0.385248815633345
-0.583028848691932	0.449301394295409
-0.0197488405525234	0.0143773396284489
-0.435698766444706	0.365543817697257
0.252212250261913	0.113946801446399
0.355057361540713	0.16571378923145
-0.353426973997035	0.167135846535605
0.0140721278201735	0.00559751342477663
0.820824347895847	0.361685893317865
0.14449685542689	0.0703483654420603
0.399749893281717	0.144487564336267
-0.0728760036574439	0.0286496827327182
-0.123266868248258	0.0560156070064817
0.307613085001287	0.156975892765257
-1.04346024684847	0.619593072914367
1.3254556598585	0.993665476062795
-0.586080794771917	0.316400391615631
-2.08246641368132	1.07013663748894
0.558553075398441	0.335153935367308
0.0840700539104317	0.0399452105494019
-0.146424421628479	0.051467855476413
0.839779258684481	0.961602659438121
0.587481529604153	0.424561123829394
0.431719254484715	0.296306775894517
0.261001690043003	0.156840441619497
-0.329248240419469	0.171475260757912
0.415405033056606	0.283552926379704
0.309026632008552	0.156862749799462
0.046070375631462	0.0306437381962646
0.611890849155085	0.644786915158547
0.448979292841267	0.369325522328832
0.416969880934271	0.38564266537213
0.0683675680296744	0.0445497010242065
0.107686517229772	0.0701756890809726
-1.70508276340352	1.5292458502886
0.522166860292818	0.487656089306849
0.452434262371648	0.421557775170283
0.0815175239554541	0.0483873583500137
0.922403567184356	0.710730087883129
-0.492337141723383	0.286134100060843
0.0726602384139747	0.0373343358853529
0.551784739297507	0.42207295655324
-0.120725250144439	0.0709355551629225
0.347404964816579	0.195241793051532
-0.300271473605101	0.170145163123808
-1.52262121190766	1.21377416641231
0.335655364831909	0.170899079133191
-0.518638037086937	0.413714224239375
0.184003893725906	0.120698766238895
-0.102824877810376	0.0501619634402896
-0.337875781685825	0.21866336065169
-0.168894296485261	0.103178848314917
0.142975505420102	0.0756424892724071
-0.262395093859936	0.172325910969554
-0.103094939151686	0.0644504710295706
0.499700210133081	0.548606555256645
1.36065513102589	1.53246613261877
-0.114448872217585	0.0753451276472155
1.02960378592143	1.13991633174877
1.22135381274422	1.56447709077773
-0.71497749050855	0.605269775890142
0.407899900036885	0.294774805235971
0.283017942598493	0.213789195879986
-0.127816230451133	0.0710146295646387
-1.97656279658627	2.07430478856803
-0.467117376275393	0.358896882535038
-1.30124330980749	0.680873710066037
-0.23275324942732	0.127219715015266
-0.0883786054709318	0.0348691019159035
0.201296912767192	0.0996628612222973
0.987063205620033	0.643372668860688
0.889250922050666	0.519115745657642
0.85858339494014	0.606659919702572
0.0522710250674243	0.0222672876744927
0.346461385461992	0.196881563731115
1.22387287342878	0.743584527135721
0.614048282517077	0.338059549905075
0.0312338679532506	0.0098551737747709
0.388363735797907	0.140086101419931
0.267694356181042	0.107329108569782
-0.272318770110993	0.103893430210668
0.138508669413329	0.053919573042702
-1.38995730298651	0.766190678386798
-0.688665137415459	0.397201893272979
-0.537101366305429	0.279738185192
0.0237716602884343	0.010773311156893
-0.432074503778055	0.213362210668321
0.174703588398331	0.0602626600967716
-0.126532335896568	0.0574965305457185
0.27447699088658	0.109986320333098
1.45075702142153	1.43294524204486
0.0851231409718556	0.0402076654822326
0.144343840923217	0.0701132161082172
1.05396940012548	1.04643291595685
0.549671241051418	0.327927307499277
-0.282385065977533	0.125614000070818
0.33703945620229	0.154384161582168
0.150968262810545	0.0662419186560234
-0.114037325654773	0.0666943303134314
0.299506337714675	0.194619909926298
1.27842611841828	1.3192390495636
1.56384383927913	1.90707264323897
-0.454067594465664	0.345396703897857
0.288262328515854	0.200284368018172
-0.645686445476992	0.472300972939726
0.650722929303847	0.43653232553662
1.06236945458038	0.913149216771349
0.128906296633737	0.0569241355485268
0.133953107382302	0.0519212738227508
-0.0264596365544376	0.0121296897208976
-0.45486064030122	0.223682368460622
0.354084281480024	0.159980597212792
-0.269939421367121	0.13682129429104
-0.769920184273381	0.470550507175951
1.559447940296	1.67635342955205
0.164733396548926	0.101679086729908
0.224268320088837	0.111431147778442
-1.54127024874656	0.622345275259897
-1.78326371546869	1.22547730358033
-0.85132453269035	0.54894444917194
0.517536609323033	0.36516020160384
-0.588370230747417	0.268349568985275
-1.06092646075838	0.633331761129623
-0.00154697687635797	0.000805874663540793
-0.0543997242102025	0.0389362418291681
0.931198279415676	0.964072659470433
0.337571064551974	0.251308596412172
-0.508852621512939	0.264020960578228
0.292734562804205	0.256386248310488
0.419660910262549	0.322217291822391
-0.326928082379291	0.281986918271623
0.32545081505089	0.252942194435912
0.198824232872037	0.155121709397305
-0.15277458066808	0.117602819045693
-0.356233700220978	0.314462110896778
0.242994548868185	0.121477380260862
0.0143812130301135	0.00486868777633512
-1.38783879636341	0.771090069018215
1.02285507938766	0.599294011571053
0.364446698235149	0.168599089559265
0.274312699367305	0.110276185283118
0.421459972707084	0.124391083902524
0.24562610049199	0.110274701361793
0.616693360965342	0.26376287841322
0.591961448157105	0.288612637807601
-0.0447508994442383	0.0191716547399028
-0.756411295395978	0.379582774821315
-0.939192041309752	0.409338485185686
0.449740578993272	0.206517529579756
0.860042058200887	0.549701671882633
0.283453677580157	0.115433435348365
-3.29083138804288	1.18075482688634
0.180586753717702	0.062120726777644
1.84483919205004	1.60581028397938
-0.684071291377778	0.264770889093
0.895044794458214	0.513793177431485
0.609789821766562	0.332712335430443
-0.147139302092654	0.0510021843088376
-0.280449448805631	0.125022360212213
-0.673044710754731	0.25771550589229
-0.540321938716318	0.194724341936426
-1.66068179140831	0.708527666983449
0.864932015531408	0.497482619902023
-0.925873960644509	0.510904527170827
-0.761857823157362	0.456955149926471
0.444808823195679	0.28038507836804
0.132983821040603	0.0646859685690326
-0.0113480969866095	0.00610191773299
0.0361608326428748	0.0136031042398803
-0.192690353809238	0.0810352075485738
0.0523100524699308	0.0223410194701324
0.429862884745359	0.17847744767606
0.0271390349936174	0.011980843903477
0.124981848856024	0.0661630374119708
0.135281040763564	0.0714760853461495
-0.658380447234786	0.487255304722114
0.39227414781208	0.225145965344229
1.05435255769292	0.987172672737247
1.49239303386509	1.14252409891544
-0.535176647508622	0.275837718794053
-0.363982374606179	0.168446017659244
0.190833212810277	0.0646856211554171
1.14493952581008	0.600161176263162
-1.79148901019192	0.798586717128331
0.196190727591546	0.0679524477086375
-0.0226820893757419	0.00989966893522689
-0.187204870944264	0.0786236771776271
0.0489822670112263	0.0180528896793149
-0.678010866304015	0.323617038032666
-0.267835856117166	0.101099346219905
0.753802353624349	0.4288951654966
0.822285673171	0.571420468337091
0.583964244698523	0.250692739265009
-0.812928105052524	0.333488767403307
0.436637285431468	0.25436774601093
-1.65922813413325	1.06560210442877
0.0199154064057151	0.00640451943284294
-1.14462860401308	0.553926568291096
0.0154346716423444	0.00610205183761859
-1.78034737985355	1.22371531298841
0.189703197916596	0.110466676990591
0.939055655013069	0.487058332996596
-0.190830208088873	0.156006102141161
0.108733504201967	0.0650315113099186
0.545769995878514	0.649874386218948
0.662751348012545	0.802801624242782
0.631672418610556	0.667376097787176
0.517284550864502	0.434091470266587
-0.753476008462602	0.602063559530358
0.636615646319597	0.793340842020897
0.605805924656065	0.628550126879767
0.243854351201147	0.203411719607219
0.757243548064535	0.964738442021303
0.0462309532559982	0.0319650853764531
0.145255679776611	0.106377689436841
-0.211791280955048	0.151307083210411
0.174908797607596	0.131350177767353
-0.00974978841676044	0.00701424268249336
-0.0530125018726914	0.0381601462916007
0.482764948109677	0.440645824269925
0.158115297741359	0.122253380360916
0.382581204823498	0.332445079926535
-0.582361284761637	0.487934246245508
-0.970641813591562	0.66559694869599
-0.360884988718804	0.236960430985866
-0.2877478216319	0.164512980491715
-0.116122387016201	0.051784355020378
-0.0372317751777546	0.0161227732670327
0.472936791208552	0.223222901048898
-0.476777201549482	0.202439291749731
1.82066600509834	0.883472129994012
0.657085271332875	0.244175065419983
0.272606272559327	0.109194672234595
-0.156094303744311	0.0467121612451772
0.413010711071197	0.216194625918702
0.467408081330343	0.223549842644982
0.235647933426315	0.118131101576034
0.192986289980063	0.112653261504307
0.314041586092341	0.161668982204027
-2.30528858459401	1.31983651656374
-1.99492996982318	0.982063025529817
0.153545353758413	0.0751130730365321
-0.370565037386994	0.148924236768254
1.11492778872901	0.727618533830835
-0.367891662229535	0.172815015960685
0.00821878850085377	0.00397165849624716
1.17489356290145	0.867147088554199
0.714830875532117	0.562375559897045
0.657342905832883	0.398796726101594
1.13796027960591	0.603426449035995
-0.765143913065141	0.3846292249225
0.662294604732285	0.404955073669238
-0.0742220860104202	0.0367228530513868
0.20072650317845	0.117802812254138
0.0132836080139837	0.00787283947158056
-0.469200207190653	0.273027183114417
0.364027355172038	0.241941416597909
-0.0838647833365566	0.0414177692189792
0.1818364771837	0.105487553931776
-0.750468204692121	0.450674820039256
-1.38139003746172	0.762885559543035
0.430681391659812	0.177842524968236
-0.47964856834898	0.206892925770668
0.164049528943035	0.121844006843302
0.137200383750798	0.0888088453116322
0.0513340138622656	0.0262491113175895
-0.375766291698304	0.226093683394943
0.181639129056217	0.13539667312268
0.412133919663639	0.394453674006361
0.360755893918356	0.204361285282345
0.123175913622049	0.0700965743901426
0.919945132538213	0.645793036392989
-1.3187504126052	0.704947159189828
-1.15578686844717	0.552190349158325
-1.59592818712267	0.989377646237485
-0.284306913790613	0.14451018854945
0.351344310468016	0.163692197787206
-0.691952228602691	0.463508990304279
-0.0665377370307294	0.0328573772220296
1.18484001445836	1.05407421808142
-0.514118731959109	0.262872011141896
-0.39996447387805	0.248483598751762
0.284336385408795	0.204273096668422
-2.19953427148162	1.93642968196938
-1.68363924067728	1.08841917156504
0.973202814604697	0.631880729327598
-0.768569673519218	0.470588115137133
0.639142940778243	0.427110392054333
0.769818675436343	0.672503207263191
0.601840192328012	0.295142745407421
-1.05912080330372	0.629229803672681
0.0856077449534872	0.0439396428688423
-0.319648543059836	0.220143275509046
1.54977523072523	1.54776215508716
0.648026051121625	0.39825468905888
-0.0949091737831614	0.0369274072560723
-0.285761154061501	0.23971557914696
-0.232683297506466	0.15736240226604
0.124877647355733	0.0843454097070235
-0.401391700119261	0.274139414139736
-0.643328743998282	0.568369578765806
-0.62483380316894	0.49917175178389
1.20628303502587	1.14649035724045
0.538144936880841	0.563906504789268
-0.261903927954649	0.206184102799193
0.558674951526155	0.61139605855661
0.206137319576802	0.120120047108661
0.40549009999429	0.433584642458921
0.270381815083608	0.214130414234347
0.237522533562529	0.159946842055192
0.0638706699785114	0.0413681171899015
-0.164532349063508	0.131918970391931
0.359958249652068	0.308934916405063
-1.3813199802223	1.45210428353592
-0.00780147468749728	0.00468894597091809
-0.307132826062461	0.207971858472915
-0.298171930243062	0.240598498659222
-0.73500788581267	0.502773064857898
-0.552784338277667	0.418046184105737
0.266323250965244	0.107461273424384
0.3656805511903	0.170099124660419
-0.135726143654923	0.0477418119841913
0.0897472360538346	0.0258692696231836
0.227665091487011	0.114155289576003
1.98534875821915	1.27421899868843
-0.931668602880597	0.408257361927577
0.484344821760138	0.231466226334881
0.745390106924463	0.470284315687694
-1.59322904043695	0.990388559263221
0.0509859602327942	0.0218410773911596
0.627489856371653	0.343288861133466
0.23828682246065	0.106248780817906
1.72910302298273	0.959053701536213
-0.37817776340219	0.15376353603463
-4.46908670942465	2.15770579108514
-0.987003924710106	0.319816962621574
1.1252067868309	0.598159872000452
0.302007268516252	0.166566168796324
-0.776915768872057	0.383568072872414
-0.053200798154918	0.0228195947989422
-3.96000848309283	1.65335180242889
0.142087890537367	0.0537518591812169
0.512395499934207	0.277586004107255
0.274312699367305	0.110276185283118
-0.663595344848055	0.315054423189157
0.308312898336619	0.214968635497323
0.502713623391637	0.399947116781128
0.00176125477329397	0.00084184919682789
0.149482668271306	0.0728536498382421
0.841059769545435	0.58782771313096
-1.79094820388257	0.810767271156089
-0.543196489379902	0.195698213519222
0.0989146567471704	0.0656755365772256
0.0804915743209342	0.0444871825695594
-0.0205598120154688	0.0121118034244376
-0.403742192609364	0.249792050088665
-1.59015873244208	1.31484733177577
-0.752629663634957	0.707475248588079
0.935172643722047	0.943520582855664
-0.74213057090663	0.581161723359861
0.0135171807731948	0.00580055168887693
0.505593349916691	0.325243799962316
0.631682624056543	0.424657295472299
-0.919299982670977	0.503937834082664
0.660963566110288	0.487864903771058
-0.262829451527134	0.100483946870772
-1.7111439231885	1.13634030033391
-1.05900997793853	0.484560142263407
-0.812982124538084	0.334424217199135
-0.0399644199688276	0.0172708405308273
-0.659378878455613	0.311272158745745
-0.585279255437493	0.364792304827237
-1.12688282440153	0.5439671743619
-0.365247909718705	0.17089500803026
-0.0502719953095799	0.0247810933102542
0.46304433563417	0.22055626600569
-1.3924383539627	0.773564689114745
-0.29357830824562	0.128264420976916
-0.088203139639979	0.0396722320856773
-0.358503586505538	0.168321940527851
-1.22005217498425	0.618542931775984
-0.0838867127523436	0.0332426396084774
-2.08031970507956	1.06952276993135
0.800627652098562	0.740784962047594
-1.05396553496437	0.630711246524251
-0.396364479178361	0.160915301576058
0.0113013049563679	0.0038634000111128
-0.184907961224365	0.0774385322009059
-0.073927417167936	0.0292707048325583
0.435368585993335	0.253711929473746
-0.186972831479499	0.108525421986586
-0.476737994000682	0.307335977416091
-0.256976282915274	0.155772053203172
0.49196073825753	0.413767591349053
0.299466323215701	0.208614464398164
-0.342400639083253	0.273436364952136
-0.410241241664351	0.280131042127378
0.49637483484535	0.374508231015631
0.468745125144203	0.38025797582874
0.72704685869737	0.823947404135913
0.168588422840491	0.130722833812442
-0.0658816048203812	0.0415989875306234
-0.409887995182477	0.227701857201531
0.318486362462467	0.234477594933294
0.437441125178683	0.353338525830505
-0.367860899318368	0.261669793758837
0.504509296019399	0.446017290190794
0.145225295688691	0.0987315065500797
0.305973064232278	0.213369853686114
0.784213846008979	0.851024903562712
0.144022427781669	0.0701331885067514
0.234475649709842	0.137767761374007
-0.528636740519994	0.426305327799059
0.101583881859819	0.06396057805241
-1.3149790138791	1.1170320810681
-0.358393879255823	0.191571191427981
-0.78453553013364	0.48079126742444
0.884432314709831	0.510350691873005
-0.808286727231615	0.328598344976215
-2.45367838968611	0.704748290486231
-2.07612566903823	1.0695318797658
-0.141878618023451	0.0502657791875374
0.763580067364314	0.387392351515647
0.597637539536623	0.290507067661616
0.2662004407564	0.10739790426318
-0.485417125163717	0.207823333126929
-0.141236215064325	0.0499135417822513
0.584651545501332	0.246598798574571
0.598719098282189	0.28920906921021
1.21488844516398	0.74502823215459
0.00751436185539916	0.00282516782422283
-1.02308135864752	0.468210177607462
1.39656401206128	0.757496937969086
1.12797749106342	0.602170833397768
-0.732764265895827	0.214014490751182
0.249493130472621	0.113635640235812
-0.818248293212574	0.336277975152035
0.75288041835406	0.380394517161401
-0.621338014783784	0.33203105401613
-0.026494947388761	0.0114735728851187
-0.023477837246368	0.0107035694733978
-1.44704604621106	0.819526173999162
-0.0256895861522271	0.0112468991590136
-0.769875384695881	0.543990089590586
-0.0697064204921615	0.0361048940149674
-0.431112409191733	0.272570182934535
0.0901977813902304	0.0567652764579231
-1.03699443253017	0.732552661584029
0.0754451478500583	0.035861852249684
1.18435719586453	0.869719683697458
-0.178542469851221	0.0750713635764057
-3.81773040590693	1.55718913160157
-1.67128260033975	0.718030959948166
-0.403017976920898	0.163516710996167
0.272340908076468	0.11075515104056
0.357267981582408	0.165859931762413
-1.78492877065288	0.810240693954708
-0.816222829611531	0.334383869184375
0.33422237164141	0.155008619172642
0.0148577293455967	0.00589292392714833
-0.273421186348853	0.104211225886562
0.341924472613998	0.156993395194374
-1.64046023610855	1.03503528196577
-0.277344815787242	0.104793425753497
-0.819859103076085	0.336356406152361
-0.14260339949351	0.0506501212002105
0.131825488892547	0.0518354773663334
-0.540699009807977	0.194271843972214
-0.369164322375311	0.172165596549193
0.518167619696962	0.274708080856742
-0.026678279859423	0.0117325584378196
-0.481549472528639	0.208389741497693
0.424230743044474	0.126970493055681
0.0465738103118075	0.0197421165918915
0.0137293576719773	0.0055843224838915
0.0962880608953615	0.0276787278718585
-0.0726923759962627	0.0287465135825877
0.0313905278571637	0.0118174419003936
0.3419647543005	0.158885956970166
1.40983729933362	0.875962929367226
0.615078311916668	0.267253976860087
-0.158488356666724	0.0474731165729716
-0.318287854618527	0.218049801935143
-0.285892116910878	0.201304559827475
-0.20932512551283	0.150208411581794
-0.800120747512824	0.778438734364583
0.580929982674227	0.814971032246592
0.0448712477675987	0.0291616255048299
0.900508239616539	0.861713271899155
0.30255112801194	0.243708631973438
0.973221989017372	1.34642152438379
0.0362332442986652	0.0249407126589021
0.00139755769230453	0.00125660698423042
1.15964292655205	1.88798086823958
0.247014485480104	0.232423736456421
0.836006685004178	0.882286205935162
0.0156820314152629	0.0103814463495264
0.149642891231855	0.110897130732888
0.225035886504865	0.173880067545854
0.0453155251085112	0.0327569957185216
-0.0405785609605173	0.0238550027372524
0.292451910467355	0.20142408691564
-0.0596164340081541	0.0373339856108771
0.185479548887047	0.149692568605139
0.0326613142796851	0.0122913979214534
-0.688156627940491	0.266479337908768
0.262605377304809	0.104048808315027
0.374006415731022	0.214264281368959
-0.169106279270218	0.0698852744866504
0.394768610424161	0.141356521677945
-0.112174333983391	0.0510718029864954
0.345973538358241	0.194620109795197
0.18559764909992	0.0645247874304752
-0.671526903797639	0.322625377329592
0.266212026834855	0.14586830606418
0.60774222584256	0.334121216941335
-1.66084613085014	0.706240523768629
-1.03209353258491	0.474156296684592
-0.487045516759238	0.210256686647319
-0.0173980053664216	0.00805343983920673
1.04988103409659	0.484268362268487
1.53373299816229	1.52441932231684
-0.686100900329342	0.26588620543057
0.0366042015575652	0.0135298054117829
-3.92357029859481	1.6460465713187
1.43595604170648	0.984990831208725
0.0519363077448483	0.022128727296343
2.37310919653793	2.4732071714939
0.0933570365341443	0.0556551210987086
0.26431873563116	0.190810697699765
0.581091558448236	0.420221537189959
0.519878715384474	0.281678894355303
-0.158724813850282	0.0469767897165471
-2.9753162171847	2.39191850992544
0.543020373336345	0.322248494280643
0.216657723391012	0.10823441806917
0.0781766736424757	0.0403621829085173
0.681423442045666	0.638685234222431
-0.0947230013658822	0.0617393393095771
-0.725507012715863	0.72244209335804
0.389034440252836	0.297971365468497
0.800829988978118	0.896054559784614
-1.32602322640866	1.36569278062188
-0.672997996380727	0.501662833242225
0.567609794225007	0.43620361294079
-0.409507148963243	0.255048345426797
0.65442784639835	0.440597890420166
0.569812663665306	0.40719067935644
0.494832212710872	0.258506000380127
-0.0111874508819303	0.00513422687624813
-1.12222479049658	0.703706956690916
0.454845244069204	0.214946151360312
-0.686143918774627	0.266198433523335
0.850710808067365	0.537445367271887
-0.371237311794525	0.173865594020564
-0.0329949425140347	0.0143836142091496
0.0266068359775668	0.0101280760270611
0.539396907340459	0.318370212047077
-0.197455546574371	0.0954746474691934
0.349431857940563	0.160153026109817
-0.62218594738541	0.400386290844913
-1.04652244413102	0.61866973080473
0.25229324732946	0.113726857042817
0.646546211771156	0.398910537601287
0.746291092827645	0.549314059346902
0.645606959314338	0.2391401278184
0.749238911220012	0.373607480009053
-0.915028621195027	0.502882461921155
0.961885415353256	0.678028064420654
-0.366277149779854	0.121497701779316
-1.99381849609265	0.990437697938895
0.303057761847909	0.151825807287329
-1.58690249329589	0.978691077343951
0.854632934001742	0.544662852203577
-0.114417988545714	0.0521254871004848
0.137511282461804	0.0672386629028989
0.851177192398509	0.547101252564933
1.18333740669966	0.698865858674937
-0.0842747645545179	0.0333241579876251
0.0297446052176714	0.00941396477909558
-0.351615729247463	0.164484577155084
-1.89642233098953	0.899392114812607
-0.0308576348706309	0.0134440119679489
-0.222814135928114	0.120279472984358
0.0919872702295822	0.0577841192106674
-0.103955781274069	0.0712017125745551
-1.06320440863677	0.916659485881046
-0.133017810154306	0.103218034746363
0.0785150464637962	0.0511208888303415
0.207475864023527	0.158297671017239
-0.876362263876397	1.23109042966294
-0.409946272511985	0.22498207149498
0.565208164132717	0.559934574266573
-0.250479607531398	0.18435814324323
-0.0935057721111668	0.0681997883394768
-0.719824540500084	0.769250828430859
0.18562019579888	0.154090250386654
1.26520177956061	2.40209057949547
0.83986299031156	0.832691719162124
0.101319465169496	0.0730977775196858
0.408756995596212	0.426696597694246
-0.27579818363984	0.224017159050533
-0.105846736840863	0.072779002830103
0.0174895691393434	0.0119025325204277
0.738003477948171	0.780174514619146
0.796001726158866	0.99165610390115
0.335007239373326	0.293083309992192
0.171742854537723	0.142516331783025
0.457632418455025	0.216998020221421
0.400293210228329	0.143285300461855
0.153418752366837	0.059324539385535
-1.37663425484848	0.525202925416307
-1.78633408315463	0.805044173336357
0.186008079133275	0.0639230539564612
0.18266351440619	0.063335234240478
0.623354233979599	0.229844929658801
0.132504235399001	0.0519174057780862
0.420014314276522	0.148315938978952
-0.0406010874428092	0.0172926504202705
-0.455504519386271	0.222426047373151
-0.178444668996789	0.0847338775490315
-4.24931335304897	1.9554001883616
0.275260000432409	0.111128210653704
1.34584967437297	1.00657048004564
0.704391517505408	0.629599249783613
0.00517639700485594	0.00221012454372058
-0.801580388697416	0.325200426111201
-0.0318977819968685	0.0136904102178947
-2.0066110049883	0.533167826422696
-0.512816527297929	0.219403357746277
-0.979260332274972	0.561176753020775
-1.4741036208297	0.842800463414351
-0.0258341200412505	0.0113546546027349
-0.199170130729538	0.116052214289658
-0.479810015391063	0.279189813207588
0.323238935558085	0.227365523092554
0.252476832070498	0.137595411145534
-0.811332610090889	0.508389357121525
-0.0771909388746276	0.0406691256192404
-1.66907071546879	0.715732865485048
-0.0878155743902033	0.034805224785272
0.413594083065699	0.216756976274035
0.758140849855261	0.428206269428491
-0.0812797683662416	0.0432151372502314
-0.271213744816144	0.120561499301226
0.165337138464946	0.101956502586927
-1.30075306249483	1.2846102131747
0.256709876003825	0.18446298509737
0.000527681788541971	0.000201546833536293
0.530469708131431	0.5324376663551
0.738435877255515	0.552023619540715
0.641183643703988	0.595532423813873
0.00221098012081943	0.00121811865470247
-0.285276713235565	0.161051620622454
0.46869162576872	0.299756349814522
-0.556028123769297	0.339469832397243
0.499823977114399	0.349164209989572
0.916980899382388	0.643789024002911
0.913147237130945	0.470210034060279
0.45651696183828	0.267040916308227
0.179838261923518	0.0618414956010266
0.21176113156524	0.104007628745984
-0.0764597979347135	0.030282909023257
-0.595686298861671	0.267121942909114
0.545214767649546	0.326330818629596
0.361560170353684	0.205663558438472
-0.447272867480715	0.220276893467274
0.0432529074771852	0.0185389663564332
0.632906335845869	0.345477739296171
0.349544730573196	0.161284082531132
-0.598969883597254	0.319355755725816
0.695076194230762	0.553896618214578
0.15721584881757	0.0683213397801281
1.19889885958378	0.885437279417169
0.380854335084845	0.23745290275436
0.468398535003115	0.276013744964237
0.542974711966267	0.320280740256477
0.295661503650407	0.150647555385927
0.447253867999929	0.262009929883106
-0.0907996363897226	0.0482612043146615
0.273754590381917	0.110177560080317
0.376266110317709	0.213992558040143
-1.23593554030198	0.623325051711501
0.809415967880341	0.360024061069558
0.269123099791911	0.108427000608851
0.733113270943272	0.460886408088329
-2.75155379667616	1.96208523958702
0.578282620077072	0.278601522061264
-0.418023848412099	0.164469913580828
-0.0959015421956143	0.0376747705495431
0.131377736071885	0.0692413676156702
0.827507487351548	0.630677085363703
0.333407782422022	0.170897903690667
-0.0304600118044939	0.0190652587932866
-0.0306973306463942	0.0199470828838115
-0.418963867791897	0.332112530757055
0.350060796066474	0.287770416693727
0.438706229641429	0.466239705604732
0.377398275228448	0.372120232549402
0.819864579356868	1.2367331634622
0.0711542580598092	0.0600215620407911
0.445031138102624	0.431727368056084
0.12297797634616	0.0989476565711997
0.00746480482041229	0.00624332151741908
0.0481614230587741	0.0310148414234442
0.353320917314504	0.346830718494543
1.08839889080065	0.952212839120207
0.518721526991581	0.575574841180338
0.886436151540325	1.27388493457847
1.02198975723244	1.24891236101232
0.774704785366615	0.990103720449823
-0.0633147082593908	0.0442212037085634
0.657611056675451	0.727854596928759
-0.448662102214059	0.315958431812475
-0.0627123370519559	0.0432619811728031
0.566194177783945	0.658565329152569
0.376804053644762	0.286024164008155
0.142612862293275	0.100524640791574
0.131129961947567	0.0957045635942454
0.331121013229475	0.256659205444217
-0.227432920039605	0.179506238532784
-0.154430525839898	0.122965304279068
0.188243278730457	0.142674967459929
-0.256935904510393	0.0978223220579306
0.651541674897694	0.241065758200122
-0.145104666790404	0.0511644198973023
0.0139196901009304	0.00476772566758011
-0.370830849207448	0.122138776775359
-0.499755874053451	0.213094002422041
0.349596130745841	0.162760006202149
0.0390668877753261	0.0146656304698562
0.0244031713122911	0.00788845087478227
0.507287159170222	0.293432538838859
-0.485911758788371	0.208615144895791
-0.994929045379346	0.323830188427032
0.822422094613213	0.361138429507943
0.50309619462943	0.403944046285439
0.862540884766677	0.547487425392337
1.0428645927076	0.603455734607571
0.191301057011248	0.0654650654237015
-0.356202538683103	0.118135969759103
-0.35374771281102	0.117056217770853
0.193803231108571	0.0665633551027749
-4.0746171160684	1.75668179412277
-1.91497432507422	0.901247434033286
2.78378422214783	3.15881350206661
1.09984962270123	0.722719262472964
0.336480263146743	0.17222821324177
0.586034194661607	0.251497505070164
-1.21707785984179	0.429805771888396
-0.347618520090099	0.114688025426383
0.491094598215709	0.235018088212714
0.138137356600521	0.0607097605133966
0.299072150224627	0.151568968515103
-0.393316165638029	0.240551611940129
-0.462054960631174	0.266183023110817
1.79858808295582	2.2763016181345
-0.2071175105606	0.100308539451223
-0.214296432742643	0.10325499667296
0.37486479149484	0.214974371081058
-0.204204312253946	0.110332421639297
0.0438395903505365	0.0277916025669884
-0.483422806886048	0.373056966447832
-0.431888178754711	0.270085996722019
-0.373384978126499	0.245769822911072
1.50101481088556	2.59082926684234
-0.292436353457313	0.224245438899588
0.254762212235463	0.151954987150838
0.212786327199933	0.116847382956973
0.621527485801732	0.482247249539042
0.14695900611977	0.0777560549538816
0.660391691900376	0.525447212252211
-2.22636083397002	1.22992051997983
0.576008236205586	0.440227142233192
0.546182582594334	0.356218739540128
0.560626821231338	0.36887455196388
-0.387437281312002	0.157590468163762
0.496587127394395	0.340758791045747
0.837514835761767	0.586435704147848
0.467395672991115	0.222303680627374
-0.82893799915091	0.340919557474661
0.472752200604501	0.320481161294204
-2.66805901422665	1.81299548445107
0.415481023025638	0.172702301290222
0.237771240291092	0.119505871202659
-2.2393295871394	1.24737319861805
-0.0559583477467588	0.0238726484933598
-0.188941764686282	0.079193148305841
0.139357843583961	0.0613550014822892
0.265297914533012	0.170435587892152
-0.132355534760875	0.0469984856846301
-0.602418807065841	0.382017007804968
0.854083579773161	0.605114403171708
0.73804604158263	0.459981308030431
1.13247036976855	1.05643537942585
0.579434665505215	0.38527491035253
0.189163629323003	0.0651529128421481
0.271812158184137	0.108889289967144
0.430723181842366	0.179842601434327
0.0525577812025481	0.0251325246185367
-0.129983609508185	0.0454166232423526
0.346493481429551	0.161208691867212
-0.0876483467927796	0.0346500222771586
0.493949694062008	0.260777196549422
0.626412568864422	0.376690304876988
-0.281738134642185	0.125149218214639
-0.718551173617374	0.425391835195861
0.542933107599723	0.324954219592885
1.22375502836059	0.737076722334605
0.954664837486208	0.605633682929918
0.0664414712514353	0.031452285475566
-0.207764787233988	0.111508825662181
0.626864871246002	0.347465492955089
0.284512842618917	0.346406616431621
0.207964911680323	0.21219999159443
0.363269803620836	0.271781136009918
0.166065958153713	0.124087117832551
0.295693718225147	0.226885271134068
0.0175813145502205	0.0130882163474107
0.21347285105592	0.143254134703946
-0.0579714919383859	0.0338146506901391
0.237313687722979	0.191252650455224
0.24340968481711	0.234026164591505
1.37893469587467	2.66640269318996
-0.173928309958606	0.14680892235453
0.0898304127075865	0.0704968862360968
1.17523740425982	1.1988938172423
-0.619063328511414	0.493708317471353
0.155724932027412	0.114717786826126
0.308831063979094	0.319033321746024
0.0417639256434873	0.0358901052611856
0.0473037952946885	0.0403601315034769
-0.593287793269916	0.683209970712909
0.0966897192140615	0.0690019911382479
0.323404657203159	0.319670300363949
0.828340004908355	0.981838584325944
0.301657840940152	0.298829279622355
0.871729992123435	0.782417085832888
0.356432616183215	0.37041902186601
0.118574728376181	0.0759179153597422
0.0741699178783073	0.0591209942738497
-0.573845362036162	0.445277860785566
1.98519129793957	1.28604641822049
1.38214448590482	0.665491051389544
0.010073674580108	0.00370640908984126
0.0154357015718839	0.00620136043362605
-0.832060384306156	0.339028131102463
0.854135622096231	0.269528925328808
-0.820992362153002	0.338580604737714
-0.132643095083885	0.0454702432127618
0.512395499934207	0.277586004107255
-1.97711514235946	0.973789970839707
-0.917712381318115	0.394737924209932
0.18761607938043	0.0648956034160082
0.594203987276177	0.25610813048552
0.611045465607607	0.264413202393377
0.630886337866682	0.421151762596653
0.065782386444921	0.0278085292033253
-0.422802806301201	0.108681375830966
-0.359968945341227	0.118155534029257
0.755450911168725	0.37954398661674
-0.110339363916044	0.0428263618614532
0.48339439482612	0.229321121257263
0.62059109000656	0.37414307777228
0.457339443452859	0.266075452712252
0.810769014255063	0.359579172271567
0.741839916105456	0.46399844933394
0.186761704990518	0.0644333928726458
-1.05004482879959	0.483294519841424
-0.120327403217051	0.0429268223043572
1.39102047170149	1.1639651910573
-0.067653589655203	0.0269272225220776
-0.472562807822992	0.27448570652556
0.569433785579323	0.378089491300525
0.567105297839015	0.408490470350601
0.673883338568106	0.606660511931088
0.479143858174419	0.308692900937427
0.349197260605635	0.19516458299603
-0.286040539347911	0.105956170181923
-0.490117888045858	0.3223096153357
-0.128419130083708	0.0587444480697095
0.199469945204274	0.0681506494414446
-0.498098593995885	0.325642764515665
-0.424979864088844	0.205922618709988
0.235069044621198	0.104837852495495
-0.504896149606276	0.259280328581428
-0.202183712534958	0.0972019709276258
0.0593271774992072	0.0307165706665815
0.0133015149206151	0.00686270841478044
0.26384887185417	0.157556667689574
-1.03141990270488	0.740865861935672
-0.102242898211646	0.0632659092850579
0.719923660439229	0.620551147410972
0.677300576097434	0.528491082973939
1.06696379027904	0.492803550363375
-0.26891193596446	0.102212660633981
0.641692707539398	0.392300071241855
0.224907470067608	0.111735846796783
1.32547148706095	0.981569503100433
-1.03776739589756	0.47376425710822
0.457876269834547	0.267575662407357
0.294382467666522	0.117820127717464
0.142580271270827	0.0557153582818251
0.275855138519545	0.111208431186325
1.32151133619872	0.991707411463393
0.610810282939323	0.362155337349301
0.851177192398509	0.547101252564933
-0.616410823674186	0.276188065158836
-1.22256003543812	0.809784386437782
1.19964138741585	1.06247314762577
0.642076317620999	0.395916873143606
0.919183634253713	0.83242919949144
-0.512000749181724	0.263640914260666
0.846539335095526	0.535766726701587
0.973641749652653	0.63624190770591
0.718200694068531	0.441231212071775
-0.575486922049914	0.356530885935712
-0.374805058206781	0.174404113958698
0.0148577293455967	0.00589292392714833
0.466842367649365	0.220305773267805
-0.0934602182823074	0.0422217098359755
-0.146305910908398	0.0659327722348102
-0.286580298585788	0.176117143652543
0.460108375761531	0.219193683278399
-0.668058057355782	0.31728190515537
-1.5921803943009	0.989694699756284
0.321746035491069	0.196235229950639
0.620060730161359	0.37596308679588
-0.661954730893419	0.309393902559962
0.0169626421279234	0.00972324292600626
0.406491735462528	0.487901180113623
0.628090199362718	0.801758089778233
-0.122545881531174	0.0891736699737257
0.00405482100864941	0.00284478745884371
0.440397686433982	0.422610904651084
0.413888678520778	0.390897044977652
-0.361766633167828	0.333465788429437
-0.69337667425525	0.883382308664791
0.192400958352379	0.170025124413897
0.608721307054599	0.680119654451097
0.0768477008405552	0.0655175591990402
0.217891655489609	0.18571667396487
-0.398129818142801	0.31107953541399
-0.532582285228003	0.547017899782276
-0.6462028981946	0.36193926965318
-0.230549336764353	0.18954494301995
0.057628381292651	0.046419819955047
-0.113043062171706	0.0932744389422032
-0.883190195900582	1.36919364206471
-0.206142092225474	0.190461731106044
-0.301589537707225	0.310534109670202
0.569116838518284	0.608770596204392
-1.11460867892781	1.35473126122563
0.335212142203835	0.314223348022379
0.493255599886341	0.537541448571402
-0.0681621181957425	0.0498769160222824
-0.000893807709336401	0.000535577898346072
0.254724665407879	0.235877363217834
-0.142316216485888	0.108305355389916
-0.423912508640168	0.430145316166294
0.202351901318092	0.165890532347504
0.15718582513024	0.111367098350999
0.935778767485617	0.486977088842398
0.63725654756897	0.235978511567469
0.791652811962584	0.349084126859503
1.07307103666268	0.492446318343497
-0.534236865988752	0.191686192412254
0.808835473329238	0.356888308854633
-1.39708096212821	0.526948552219932
0.0236358363705726	0.00766489660158708
0.600682749312253	0.291595178499344
0.545202823502041	0.326564993756268
0.0591142034821975	0.0253405451621761
-0.924086602519882	0.504342392389882
-0.276475797938001	0.1053795847067
1.39934844109527	0.756501863708142
0.343105226376113	0.158607904548754
0.323836101419676	0.167147525274355
0.643940612325276	0.396644369282349
0.309703704418392	0.213040479002582
0.195727480901063	0.106597150820198
1.68963916571071	0.936484453593484
-0.359737791349038	0.118544590037706
-0.978891038673195	0.557141818987924
-1.0240688944022	0.469301591143921
-0.819392483766811	0.339491252657575
-1.64987644908046	0.702286251783474
0.528135858860318	0.286070961891977
0.194911172015676	0.0671959914398707
1.3792601929875	0.66145364533902
-1.22390953079943	0.62044768659771
-1.00053683820594	0.325092975964016
-1.39718376502662	0.530411469749146
1.03416399458828	0.818154492109597
-0.942704943464648	0.412728361743055
1.31642638391825	0.962432665892093
-0.515478550987305	0.265845054411246
-0.18701446474036	0.10711025869245
0.54228989823333	0.433068946466924
0.132714191305613	0.0585937379513075
-0.223375329362076	0.106941250739676
-0.466366785299101	0.331214339853512
-0.345520344431477	0.2254442509107
-1.34699403972895	0.976526089629505
-0.607818308048162	0.32821463302235
-0.90235042800489	0.495265813484762
-1.03885238429486	0.478425334109588
-0.360451244868394	0.119061636588785
-0.363252368253061	0.168568559094745
1.3478898014908	1.01349508773837
0.187983565579055	0.116394165257275
-0.414169492449701	0.277748961393516
-2.22211495836283	1.2197059143513
0.359212545608652	0.165239235654816
0.746583391002677	0.459488803460185
0.601840192328012	0.295142745407421
0.401128769241647	0.164470658723746
1.09945247860028	0.963875109734072
-0.659280805806856	0.435236504772382
-0.485702058165021	0.282027348860177
0.206091068150011	0.141813454919129
0.731359446028821	0.588017736230902
-0.211821216830909	0.114730244959402
-0.186350086451281	0.0865923286144774
-0.180073915711834	0.0760456080765877
0.770435543959628	0.386051777817199
0.961443490130858	0.688078772592236
-1.37730193732607	0.743380097003189
-0.804119216450838	0.584390167179355
0.746690699717478	0.419857376618176
0.745257824612926	0.416231571950251
-0.196254208173164	0.0820196009998606
1.1362969845677	0.603281181761673
-1.1377906872431	0.553563683487979
-1.6625178289112	0.711604525484779
0.740569603928076	0.417959565386972
0.943062786354098	0.596960285861812
-1.0573310513547	0.485105776676499
0.136487297573752	0.053409537390518
-0.00585450219117703	0.000749410586897367
0.214241842432876	0.105333554404664
0.228408715795338	0.103090568147011
0.214479470027027	0.151132858527405
0.770811651139893	0.379376096491863
0.41529960763039	0.218122791687895
0.885593735687067	0.516006628106691
0.241571339827296	0.108479529637542
1.25989620091901	0.84657402214667
1.34775042605145	1.32565536520013
-0.192799641466425	0.0801558993830947
0.0368033827436115	0.0137256068945266
1.65976341737171	1.16399382538925
0.248471671664708	0.112445759222468
-0.214705310183104	0.102458208964593
-1.88132110797594	0.883447607319402
0.39514921626981	0.15962338279653
1.37059006483305	0.649720605035895
-0.498993001837157	0.256099060497091
-0.41879966872368	0.232662990534785
1.02411828247151	0.601236916556511
-0.578131418527919	0.310407465899811
0.188631203930607	0.208065232270861
-0.0555971478690793	0.0511267463724526
1.07569476353482	1.39061557056501
-0.534068597809945	0.461004085934514
-0.162951439651815	0.11031652600166
-0.911939387164093	1.10983922239852
-0.266811440668384	0.23210227845486
-1.09359488495875	1.31989054610738
-0.15318914416391	0.132912323224162
0.336559004143124	0.348219046808043
-0.236604041081745	0.217412407597186
0.0154103403001711	0.0130266452336461
1.35545712421353	2.18010905706754
0.325517733842414	0.35231586658602
0.354742770047153	0.346929148826778
0.318333090169006	0.30225777763831
-0.308274870595703	0.301892505264187
0.878403461741896	0.728494090494344
0.0914229570206956	0.0730775668510025
0.330399118526515	0.344238511572453
0.210604032377786	0.187992035539452
-0.188732013102569	0.212065980111613
-0.216710415940468	0.217461635558514
-0.204749349443433	0.199281366592583
0.106458783490868	0.0818085840065701
-0.314211922746857	0.277078017474989
0.556486227590931	0.701683201404726
-0.174094433524465	0.11932374013551
0.150323590057096	0.102400998143233
-0.601433670150011	0.582465547637541
-0.261539070164928	0.239259257237853
-0.330364799642216	0.29619921136968
-0.0254333814267073	0.0193996626314041
-0.235952218770528	0.180385325481983
0.0653954498427202	0.0501473604680716
0.0182522064178594	0.0133854409145565
-0.266296633804694	0.17621587019118
1.21882933894247	0.987148399307459
0.0105573422773622	0.00453231742880313
0.151574539341222	0.0587509171986899
-1.00906595996747	0.322144589356024
0.0301984197023152	0.00954815194760879
0.0951561679921311	0.0273436300588567
0.862159080142993	0.488928390319962
-0.261777770861892	0.099427940169516
0.0199760457025211	0.00656217551190536
-0.521461966854901	0.184173854588516
0.115049810110772	0.0546616058861922
-0.955678688564685	0.415497609818908
0.0984223220253381	0.0281847397353337
0.362721191710413	0.166296503050341
0.83744364029273	0.584063322789211
1.05711896099565	0.75749181049963
0.316747673756885	0.162810545284498
0.517933769290872	0.27819510147653
-1.20044729848808	0.425933021296326
0.138690470282812	0.0673229343558676
2.0559330183733	1.8054257422953
0.646366098952568	0.240441493256059
1.20325528179939	0.893374033226277
-0.12813365368595	0.0650161684386538
0.147126879445534	0.05776784939962
0.132104437239201	0.0580131197542675
-1.3307537200077	0.705086454340261
-1.53079626144661	0.620681718385484
-0.820293687024165	0.427853478229713
0.188780688633263	0.0648708628944891
-0.283030177016692	0.143470513905645
0.775357371683582	0.387988638448744
0.866723385533878	0.96264531916405
-0.60272689319305	0.430371237800982
0.922578939394395	0.712865054219125
0.0524597640152141	0.0264783783062278
-1.1503042680119	0.559728805761641
-0.051314002059172	0.0310675244028708
0.0422594681302623	0.015622372680091
-2.24120582452394	1.23956582409548
-0.594505600730799	0.321628761609431
0.393054816827639	0.140572828819275
-0.0691607773221156	0.0275398260482848
1.19474124075312	0.885700347402842
-0.106513286712905	0.0480252593800525
-0.00473064916416877	0.00229418335631333
0.084585817043801	0.0580929606247682
0.468927784930301	0.325907723996355
0.836731647323829	0.586147962057067
-2.44707643616645	1.49921090656259
-1.23990206257109	0.832691703272172
0.074414687761793	0.0350231218902645
-0.196061005041303	0.0944992136660476
0.44562079690569	0.258655436161599
-0.173774497250828	0.0732862230857931
-0.379010766472986	0.153202619537528
-0.443327528287006	0.21983911418161
0.119435242785503	0.0582058305833573
-0.239037739825476	0.175456711888398
0.106540443281838	0.0555768444148856
0.128474322247162	0.0560950126964718
0.836938633186311	0.529959777549275
-0.150200373878488	0.0774990517443968
1.42093015792998	0.879133334954458
0.267380915822095	0.107559995412962
0.97660869672874	0.838372771206944
-1.2214704338478	0.621324903666276
-0.27304336956079	0.122123504148268
0.0413761047522885	0.0179129254281222
0.151240827817911	0.0734526525490391
-1.52489308574268	0.884335160610077
-0.444704893189993	0.219493231223235
0.623693061051951	0.343427129645303
0.278822043098409	0.112752092903712
0.051860303472284	0.022087407084304
1.08603764840745	0.793592945188535
-2.38924653925671	1.41607915444232
0.622111000717679	0.340269488831126
0.733693320347318	0.590516544476255
0.0520872874435901	0.0285389543510627
1.40693873987879	0.856523351566035
0.63710246089169	0.391588921496733
-1.04184430123658	0.615824080106925
-0.190291266327986	0.0904697194916715
-0.378518764809472	0.154208649061552
-1.91989524731294	1.41835461676979
2.01315081722357	1.94335117964913
-0.36367442511447	0.120499728398263
0.311852247733865	0.159195603996162
-0.277913510927252	0.106044809011139
-0.560751540525158	0.385851054243551
-0.16271127691622	0.135962759889576
0.0224538488253775	0.0129675221309832
0.209872879192395	0.146720768077969
-1.80191192051973	2.07719317165003
0.0657738310172818	0.0470420665056807
0.670519535337574	0.800962937173972
0.527503791066958	0.546022148102711
0.390023862378279	0.338492196110952
1.44586848018366	2.45327985584616
0.772554439944682	1.05749156984279
0.62262360110281	0.654328903043201
0.670137429828821	0.748649826530474
0.277810974421492	0.200466369227193
0.381809150465563	0.38824446616858
0.48209111627565	0.312225781550149
0.33412952708418	0.273088513571695
0.345066577468502	0.256246545647388
0.756095684911371	0.772512670124132
-0.0950980290589127	0.0832440775887051
-0.281179971157827	0.258994160483924
-1.4672831563722	1.83234443528735
-0.292769700194766	0.234638230812353
-0.156724488350024	0.101015855005167
0.541947153279007	0.550269658496392
-0.422951245243641	0.358086174487212
-0.224703017095292	0.175925464106222
-1.28400239932448	1.09511937516949
-0.3997745765255	0.31418468728395
-1.65738255864325	1.76117269573737
-0.392886529777479	0.285830137446533
0.157139949953006	0.102969379381574
0.0580248732238408	0.0375718491730349
1.37332643010332	1.65331863095141
-1.51174226461197	1.19756988071807
0.288834611344651	0.229399500067928
-0.27189035773766	0.194327336886303
0.596676313959998	0.258130053848126
0.409464509771701	0.169058154015054
0.255496171100703	0.102453493218948
-1.05208065211902	0.484354819066796
0.635637925749455	0.232404668512145
-0.356202538683103	0.118135969759103
2.12788525522858	1.70639547515566
0.101308259918085	0.0288493166998141
-3.05618104878537	1.0262548781627
0.472176175102384	0.22345410270717
-0.822872910996507	0.34047947995881
0.273281694092757	0.109409518972234
-1.21195772088691	0.432190846813208
-3.48557721838387	1.3131535177751
0.808939258545177	0.36150014606673
0.825616839452932	0.576637282718449
-1.30141010109737	0.685477369795995
-1.3803767065552	0.525447036676765
0.125741156951014	0.0492349906633472
-1.53146552793389	0.610817444466663
0.456470487580889	0.210557553298273
1.38999320025286	0.654598142523674
0.0121024109802536	0.00423418511590848
1.2241129167584	0.734559763823975
0.613657205497906	0.301803244553306
1.02770469859752	0.609602703111778
-0.353636515395367	0.164689500633987
1.71402199077034	0.972907125056509
1.40056976129861	0.767748585578616
0.347641910731075	0.160496802304547
-0.0864750780453344	0.034262896196157
0.889259115637896	0.510911593695763
-0.989362678205111	0.684871317193572
0.429261299379816	0.315352360268952
-0.241971964121811	0.14497380240621
-0.0726313446481912	0.0286157852181019
1.32476749821541	0.989977758152663
0.637637384627807	0.423654911509087
-0.0655044008655449	0.0257865291275388
-0.489023515103409	0.211794031881174
-3.80154459280103	1.54461968908084
-0.507902738134767	0.302618234785593
-0.0523841241452694	0.0255103740975402
-0.850723988719295	0.452410675490862
-0.517304387330198	0.268367296941215
1.02670884223142	0.606234260951624
0.353706974114109	0.162886623566454
-0.160193335062947	0.0477825098161987
-0.495467292478694	0.254305211405703
0.441725356081347	0.256528800742057
-1.03986569630023	0.479111146245553
0.870060407587782	0.559767683254091
-0.120351048883815	0.0663565801567878
-0.651207010671861	0.367184985307243
0.748117590031822	0.471416378858338
-0.00560405044558748	0.00264526420973374
-0.208844074065342	0.0876363277184533
0.173601534994337	0.120378237284414
0.931218943929667	0.987018924385321
-0.2751490922776	0.104911489997493
0.658165954152311	0.479225313891411
-0.603573870696698	0.275330803968632
0.596882738464737	0.288383419416512
0.993209263346743	0.652019025063977
0.678808726931087	0.569291306899145
0.267036116240262	0.107748836022435
0.926333669680543	0.955035742811262
0.0320595039360301	0.0140986756417782
0.516036700445347	0.277736046626753
-0.00799232047802309	0.00392869012457481
0.596596060175732	0.254283681490195
0.186309287637294	0.0638798473355244
1.27034385917149	0.855564088190045
0.250255833035185	0.136683935396563
0.540689959051901	0.321723166230118
-0.939197347811798	0.411595092610267
0.618664038895595	0.341568609208131
0.151429662644344	0.0583676153868739
0.153028136155802	0.0744369235345696
-0.669800735316989	0.317270665174936
-1.03399709281771	0.47218689567888
0.0574759025137962	0.0245500639343181
1.03961655086853	0.615764844784608
-0.486287141428695	0.20952320665433
-1.06544291883549	0.635967305542249
0.0408489099311914	0.019618239735117
0.27763135802046	0.113120268339967
1.5269206083591	1.29443572661228
0.470476006829622	0.223394756105787
0.73720543489975	0.505041617517381
-1.45969689176258	0.841006821302491
-0.579827989713745	0.26446388251049
0.126327972877271	0.0616458311724316
-4.83868904612501	2.70878636383736
-1.22027434957462	0.61998675747522
-0.35645019066219	0.167301421420203
-0.858268146631	0.453528078307189
1.05059777444022	1.04370414579672
-0.216092325801188	0.137013534123804
-0.261576697227438	0.228213351011642
0.265550430295169	0.238491039003179
0.482161356337724	0.521852585409219
-0.034837808133163	0.0284792507087608
0.361733368980617	0.377151654587527
0.557701412967632	0.85597348171463
0.562993752479282	0.613629565356577
0.159766275476212	0.108648190113892
0.0973990325576931	0.0582075447481371
0.126260955309451	0.100416279407003
0.513202628809258	0.533463727326641
0.0740632078586279	0.0558000290730705
-0.714494407282115	0.803538483497203
-0.462243396078164	0.477003641437777
0.0104005708032705	0.00859865125746818
0.311051970059367	0.365541104493954
-0.0382485248091037	0.028240371491086
0.898240989264118	1.0332624646966
-0.0891036153974471	0.0610064773496055
-0.0553236770437078	0.0385586037238691
0.264711770692227	0.271678320170129
0.433846470573106	0.387884704898455
-1.05867518284941	1.02724938391086
-0.449563896917043	0.408511243270944
-0.585109147689632	0.524578233939507
-0.927319974580709	1.06566515055044
-0.0167616705841534	0.0103153347899509
-0.0214479125291844	0.0132954300732444
0.332311389375819	0.256629278983077
0.0291337169860532	0.0199420939020241
-0.221220798838328	0.142031453934094
0.0595490537013592	0.047058667479222
-0.444192519295885	0.331724671844684
-0.27035353254643	0.120425597753942
-0.231677886453429	0.125138933370915
-0.926014464215043	0.399711675052549
0.97628498391587	0.375805128865871
1.38033059521298	0.659609795547921
-0.497472346285666	0.21487531838156
-0.375201724402909	0.152602614754297
1.49632300851057	1.16159492207168
-0.113654374313748	0.0518380098761551
0.601277518989354	0.259071080420917
-2.78998998906064	0.869900039860106
1.02409193553638	0.596102658908374
-0.68102141362206	0.326899735156589
0.471402098622257	0.22537906156552
1.36921680657329	0.741186398831207
-0.839432475785176	0.442641270232465
-1.38473370380839	0.526923665109556
-0.553073996445991	0.198363624598439
-0.70246359480239	0.269763102231673
1.39479839017355	0.766210011702081
0.486126475747646	0.257428955098368
0.243723391455095	0.146175375586244
1.36371641553454	1.13512584130582
0.532684932736746	0.287178218694931
0.284758715381409	0.114467085895507
-0.13601258983394	0.0408241542268515
0.218064266383725	0.0974982078769593
0.50996597265656	0.273144123872983
-1.90194627928452	0.902635551469808
-1.89388950504314	0.896815814378136
-1.437333622487	0.807953298245073
0.328205403499689	0.168307497558466
0.245715351490657	0.110640496247002
1.40350920606558	0.774224619367732
0.74313094938185	0.372659682968592
-0.683592313794204	0.328986395042586
1.58833113781237	1.72602094551311
2.51721130069653	2.44438143686717
0.747879644362362	0.553993859350065
0.130966750508629	0.0747702161843209
0.53621036109191	0.526251755343182
1.33073958835321	1.38892511691505
0.837961062273901	0.640560140162219
-0.672377114515827	0.447208443256693
-0.226402020585091	0.12223986920729
0.602534484334369	0.291775147630267
0.229179129884666	0.113195444535868
0.847736691211985	0.644712897076972
0.884434914580326	0.515143121163113
1.14550163397508	0.612022737326793
-0.126600252434544	0.0448750254807638
0.171496271450801	0.0586831879753301
0.157275571283741	0.0692042098330169
0.426583714346777	0.178464455064105
-0.137827065447891	0.076817637030589
0.0636021765339938	0.0352926235477341
-0.0954321255471275	0.0430719082956309
-1.17588474372175	0.928506078037127
-0.491093246141153	0.248468325878128
0.728252408351118	0.450677275658188
0.0250490274642725	0.00537725898715035
-0.113276093409106	0.0516800284409449
0.177314966108743	0.06106783989759
0.646700612547034	0.393385771713658
0.0146973865752799	0.00704885231919394
-0.410392094358267	0.225129792025099
-0.98907516077239	0.694170872096332
0.630749362921904	0.52384194553722
1.13486358187284	0.758961422188921
-0.0330031054110451	0.0143191681160594
-0.180381984192299	0.0756589857832766
0.963842316876988	0.820588442924682
-0.239259777423505	0.130233074067323
-0.121290611567672	0.0912624171693684
-1.12082674783577	0.863493667898861
-1.2910791050869	0.877976181968091
-0.448722949345789	0.287342004822248
-1.80416547799732	1.23264548477678
-0.694814876881413	0.335453721888092
0.216489724223508	0.10722817921389
0.510313116209522	0.294134252057556
0.399776399273117	0.2496803372046
0.484220579727225	0.308532346654785
1.33602096765021	1.00051577588691
0.839483806221448	0.63725987779397
0.356832361962132	0.166142516839449
-0.0381457386302834	0.0160453779056254
0.217474417717438	0.118037175675736
0.469830658490284	0.223799415348987
1.13081394171278	0.585832306742195
0.847271306494085	0.536901976189192
0.61352736380502	0.263597091815865
-1.16807629085275	0.937328894500878
0.101751921326568	0.0476148174480849
0.149882328235701	0.0580333201551688
0.0744814347041443	0.0354324032274069
0.645184337394415	0.465396114632351
-0.492979168866173	0.250648996262209
-1.01358251420213	0.731905391176118
-1.30840374900559	0.692585795996154
-0.659347720453857	0.309712972702472
-0.214236938180949	0.114605252308365
0.311019421988431	0.172967651336764
-0.276370964378709	0.140246339408138
-0.284499285377898	0.16342714462968
-0.931668602880597	0.408257361927577
-0.0743256755945715	0.0422878924216276
-0.116764598988833	0.053377562387456
0.6440346093357	0.428790085854764
0.321628598751843	0.16493315092637
0.492737725822366	0.483394020730442
0.419740479646903	0.352634520549495
0.0519772990400687	0.0316981408118945
0.572249036525171	0.471836984292033
0.495964599987959	0.481960733383864
0.62518113892427	0.607583772594624
0.138102157687382	0.0883522712978948
1.02670256509591	1.42945519794281
0.615942240886805	0.754413356429724
0.17071626720019	0.137138581939058
1.62672022858984	2.46717843220452
-0.333704270476707	0.212805113846384
0.586407932168347	0.47670669482653
-0.0143733223918374	0.00989411457197661
0.278485887191876	0.236337831167006
-0.320465687677171	0.205974798610915
0.0791158713783545	0.0469044701426075
-0.999326724401276	0.809266259213103
-0.0712807800863961	0.0374718024550967
0.205815055226381	0.135971607201797
0.420257192589762	0.287258694841799
0.0225496837178515	0.0131739474402788
0.130263604474812	0.0789902166449536
-1.7197929767224	1.14634235529361
0.0793004319505896	0.0332867758786824
0.0373767815736378	0.0140289241229287
0.627562446567091	0.344172880373689
0.111510984607665	0.0435606847280863
-0.816723930576892	0.334815891609957
0.590088122269934	0.253678542580034
-1.13968214849757	0.552711235109612
-0.489442556329301	0.209643672647541
0.920972658183005	0.477935703251485
1.40694199020571	0.572273142188123
0.802739361772439	0.355933027010141
-4.52949071675307	2.28179731003307
0.752513249137608	0.374065776891495
1.41112678950624	0.87176088308314
0.61665319986262	0.339180047315876
-1.21111318958697	0.424212764750725
-1.79261579175225	0.812739771799683
-1.04597070510428	0.482900234974295
-0.153213727099318	0.0453803899333125
0.79805700214861	0.356488971814295
0.306859906167713	0.156227120863586
-0.25635719493536	0.143203583802581
0.354604648368233	0.164853765117193
0.564949664292874	0.339798851546626
2.57317156899082	3.40361759056094
-0.814621574433869	0.334678424255142
-0.364719046201595	0.120589433178653
0.223293856963953	0.100659242093158
0.992062661726752	0.653850175397192
1.38437203401927	0.756399159093951
0.720838321333627	0.444994921968237
-0.836533642357703	0.443387444846036
-1.89894377737501	0.891794813511375
1.46369188227616	1.0213049815685
-0.805704056993209	0.328772227945799
-0.539094165223807	0.192592934054066
0.880480458073927	0.509673310887224
0.155706944155542	0.0606886140627191
-0.752237419012304	0.379334055886861
0.495989007001089	0.263811949138407
0.935231614285949	0.951405886072675
1.29797198275279	1.16922387298772
0.0695638631024424	0.0330574308110093
-0.571394778212472	0.25749879266732
0.614824240720193	0.332444555423136
-1.39724458716658	0.774369021875276
0.172239779070975	0.0836538916299728
0.476217580851837	0.225092798787598
1.14279247524443	0.612714358336544
-0.369771639985671	0.122515217229816
-0.169387463564678	0.0875701865368044
0.242735923201713	0.120854108036228
0.481901335659233	0.22986740659138
-0.360326099844095	0.118314427363506
1.37681503986015	0.660795047292855
1.40238112660967	0.752496441965289
0.607838339487716	0.299619083860454
-0.470068456625919	0.306897310743942
-0.809656911623704	0.503962731217763
2.01152259271256	2.71120961318036
0.0314921039875208	0.0152805321233675
-0.195598958653004	0.0928125390203996
0.135434934856783	0.0525402845079236
0.638399338755354	0.350416849904175
0.28426806893311	0.157392828955214
1.44357304826308	1.00024083293642
-1.89061463470538	0.893604728274744
-1.78357347440206	0.792734009593063
0.325189816669252	0.166259855906115
1.05956014866774	0.768003352352229
-0.0949166787796262	0.0374442861307485
0.438233840539915	0.253238782930959
1.04069727808127	0.606952952053324
0.929637654103489	0.658851891399395
0.649275083042176	0.438585505742197
-0.1666783742013	0.0864661598398994
-0.22942857631111	0.107210423402217
-0.926274136553238	0.401687420787233
0.133774020399726	0.0525655913542088
0.851177192398509	0.547101252564933
-0.501034113526518	0.255596882429178
0.962041667698385	1.05496706415032
-0.364896942164584	0.220562571486041
0.376348767235359	0.172984728357692
0.552419471745166	0.331294020721099
-0.680111809583021	0.327726141735301
0.738515037621078	0.415762869706009
-0.287338401509688	0.12671999112657
0.757541941603075	0.423507391232784
-0.0907805518405111	0.0447656877263365
0.159134055162336	0.0701452886949053
0.369561822324411	0.171011610327489
1.40977921468982	0.871334365107828
2.05728175961027	1.80834307317708
-0.278150688743847	0.140837600324679
-0.0756093729657055	0.040183054724598
0.146722710585655	0.0633328224215968
-0.353426973997035	0.167135846535605
0.222623905920713	0.111515392939863
0.348617595568744	0.160496237464454
-0.00767108720764269	0.00361407486326814
-1.88615119193947	0.892215149681994
0.153289476385688	0.0673304823244611
1.1190452818873	0.588765863731854
0.658552194579736	0.441242550500516
0.147142397042986	0.0577643219170307
0.433734825847749	0.181117611871936
0.812424393517763	0.362809558274213
1.48467370802941	1.12427087812102
-0.128640763823971	0.046016949998418
-0.0360249367155731	0.0163230113404983
0.646232834362887	0.395601542153055
-0.121563842339063	0.0434116810812292
0.522480130467059	0.283484897440529
-0.197094991342527	0.0933365976665319
0.129292745057487	0.0506746207895848
1.17941757870646	0.873388925642215
0.14934790712075	0.0722794432261443
-0.269332679510108	0.134469067987793
0.904706860155177	0.681979735044205
-0.382233842376787	0.155994875088095
0.884491391185371	0.512469361930546
0.969366407943822	0.62170868929059
-0.575610448458858	0.313330676151211
-0.58140237625321	0.313456804940051
0.521849489080127	0.507695580408296
0.587373928065824	0.539934656673187
0.856947568293001	0.866757030935484
1.01523846390759	0.952910255782558
0.513485810977309	0.495368758111698
0.927822720676275	1.3890782300075
0.422923307992609	0.357299136759588
0.569576668298287	0.469091049840657
0.755782148594747	0.566945236548154
0.473868050144113	0.275168002128452
0.236521214793567	0.17368843464942
-0.607849168094478	0.482267598232197
0.801412589892204	0.943793734333916
0.0502939416578081	0.0337081114240333
1.25025313728114	2.06666746338469
1.06181686321066	1.5134898844045
0.810939499256694	0.921358194054785
-0.0280629227766758	0.0139467125436388
-0.19905257211927	0.138281322282188
1.44691922663407	2.05591809525771
-0.20293018704427	0.128787764593278
0.384965572944499	0.240999948273383
-0.145675344227943	0.0880022032217439
-0.00647951090674859	0.00352835601746449
-0.189396611514983	0.0905493952414292
0.0876832713748212	0.0523337614401701
-0.636583136202084	0.464727879530169
0.136057839176047	0.0723906459432759
0.171123473801922	0.0910912982783831
-0.183051873871238	0.104872865291612
-0.229466863370875	0.154442151070004
1.14318499597395	1.43765316260212
-0.327365357894845	0.173039672062607
-0.491205460239916	0.205942276104947
-0.423201835449576	0.20682142186827
0.823065710702975	0.626575024231899
1.6684356885546	1.5531700550818
0.0419841782162577	0.0152553687216863
0.755916466626567	0.382642686318854
0.961649101850369	0.368423349271692
0.809007322322486	0.363343393295085
-1.21002820657343	0.425415302774729
-3.65637134770667	1.43821506391594
-0.138784073551717	0.0418986699811041
0.878294394065285	0.508202958039791
0.60101436970812	0.256772832734884
0.34162420175223	0.156449665255538
0.327078999817683	0.167153126723895
-0.107538915089592	0.0486578859762076
-2.78062141737494	0.861938804943604
0.801269856219427	0.350838421461804
1.98567325173624	1.28167372650114
0.409702163128446	0.121463488093249
1.40109539382171	0.770308646943689
0.752144431897295	0.374470059814827
1.64923694849155	1.02344374766545
-0.191454513399843	0.0796862051507675
-0.669113229339136	0.315905919458311
0.18761607938043	0.0648956034160082
-1.40185907867863	0.531202795364899
0.480700187020524	0.227328181511565
0.836736600048888	0.581408552152861
-1.67961219749644	0.723715790503667
0.79173117833271	0.350252753248279
0.483109290922705	0.23253005710828
-0.257811593355788	0.128255386794621
1.11697313350061	0.745241299701409
0.0196688514843901	0.00752780162770008
0.602299331984082	0.258662241319482
-0.920954883958896	0.399889251141253
1.18870612166213	0.708649438634595
0.773548299393152	0.382577069446578
0.540263581844013	0.321584962841882
1.68284007071138	1.57487888669822
0.518855902655884	0.365921131515364
-1.45801438735664	0.838138031682369
0.572320982143537	0.376989686053093
0.747356047174838	0.471190733634109
0.313050845935235	0.173357682772211
-0.199604941662533	0.095405023148055
0.968735725731454	0.376872831126106
0.233329090851768	0.105745206116677
1.66293249855886	1.80315528124324
0.118973971718768	0.0568963622943059
0.477618467280315	0.308119408474483
-0.103861300888763	0.0513524725198812
-0.00222886636677221	0.00122626483068916
0.360732988599909	0.167620076644445
0.756733827281687	0.422108324302305
0.0356633811687245	0.013128018955855
1.05027480295562	0.7625207007777
1.1855169238986	0.88114814552098
0.371896463053652	0.168052614058334
0.232467182803181	0.103503062376896
0.540278513368108	0.32016213031935
-0.262611586962057	0.116015653662134
-0.286268791891038	0.126966742934731
0.346524520128659	0.244945246587953
0.359498485769642	0.203986310371513
-0.0677793829652268	0.0332213608877013
-0.117886146724119	0.0538777546554918
-0.527338990325373	0.188253594789418
0.104303612735264	0.0296292341726698
-0.697795350214222	0.269240317738072
-0.283343442719316	0.143220746907489
0.743038232099549	0.467348852828873
-0.353238388980131	0.116015153284014
0.863261978390505	0.494087286610837
-1.4018571312712	0.523939519879205
-0.500767811804517	0.214976829526795
-0.601510878050475	0.273437260014557
-0.275141807511459	0.122792564920358
0.638433878211664	0.393627024604203
0.613629620550784	0.337567488532631
-0.380872017450401	0.153923031950488
-0.371198670019763	0.172710475678574
-0.815746271700847	0.420774257021037
0.677595257385156	0.528197370004778
0.640112724095445	0.394048199908506
-0.671907335904448	0.321417223689272
-0.497488858011333	0.254800594206786
0.471465079228391	0.22429629613403
0.138478056441143	0.0673489045858271
-0.268022842882645	0.163451023668066
-1.25407437153742	1.02537363065632
-0.665734905882552	0.380427471588629
-0.537216724662932	0.280491281917333
-1.0335781253791	0.472931370851373
0.915295414668419	0.471046544225527
-1.21982638394525	0.606363787643432
0.162694659692108	0.0856765513475942
-0.0556245983014544	0.0271943967991591
-0.261931877799102	0.116082165748064
0.433658787547768	0.180649752051017
0.0804203532677572	0.0383383934704729
0.752572412232633	0.423130723577771
0.15896914768298	0.0687653026755721
0.421338587836404	0.222893820118434
0.0160445812040574	0.0070203638157377
0.231123636546675	0.10345339188024
0.187367999714802	0.100561720612854
-0.826101415545691	0.336798785480616
0.44912237413953	0.26298017086769
0.742072091736993	0.368377787630158
0.274403492852778	0.110829804462663
0.355665608714349	0.164707319673309
-0.0523873966177361	0.0223486566507351
1.11042175189241	0.869222907736868
-0.35874201510693	0.164005717934672
0.758767476263298	0.381925533823285
2.10540891595539	1.63410749659516
0.452743404674836	0.264125799817045
-1.52351968641271	0.907738080283125
0.0375982999950373	0.0181207452688715
1.06938607458377	0.934313506959231
-0.129435318544473	0.0776738413877441
-0.448954150002814	0.220221009909478
-0.349956790705068	0.185305632876948
0.31407422749363	0.250751053821363
0.160630534467184	0.119830976039419
0.278642741067172	0.190754768192107
-0.317113236247965	0.25618996720701
-0.179651166322715	0.0928651834838762
0.278419449486426	0.139523110482668
-0.0673944171139762	0.0354202189800155
0.119233647512643	0.0980864133304366
0.00920242055524411	0.0058238690488113
0.324557828483178	0.209872595102658
-0.221600690332409	0.149619103929137
1.14714951093448	1.67879549264642
0.463306721325935	0.403101232817473
0.65715700812591	0.616071487838655
-0.482086802037749	0.376051818467964
-1.16815250234044	0.913737800165767
0.326236175541853	0.211070394670603
-0.0370968303565363	0.0197172135736896
0.181055658140579	0.13157922446875
-0.547252701913676	0.449830476310076
-0.173874415249043	0.0879754265898961
0.959424262406126	1.09178136643821
0.110656998890552	0.0764806459405895
-0.34627724411333	0.184712319461017
-0.184397684238512	0.105468104279545
0.897854896220933	0.862914501018781
0.580218035841969	0.414624785205126
-0.0865185332419833	0.0526165851529782
-0.529458880297544	0.511753797582798
-0.0186200900022578	0.0111321041639939
0.230605108787579	0.136591059652993
-0.268364833010705	0.135533412401716
-0.484105309663784	0.208006247343147
0.0499783879955059	0.0212882479538066
0.531628940689047	0.31781712033034
-0.268217561416427	0.118773943031382
1.02795219538795	0.817937811670514
0.40851258074303	0.214013146249527
0.617402915595089	0.341420005924555
0.611224086827981	0.300250620595267
-0.264537486543498	0.100927254394156
-0.100157771652298	0.0384259662022327
-0.545275575243392	0.195821668396788
0.551807175876085	0.329189028345677
-1.15562044621904	0.554484190524203
0.631919391910331	0.229491732309423
1.01899718600602	0.596653787767179
-0.828330862613649	0.336064158165888
-0.68400101928821	0.263071221160255
0.00548450629310015	0.00221420361979372
-0.9355980928197	0.409767528351087
-3.28414229346428	1.17651456012455
-0.48269018289455	0.206795386516744
1.05604776712658	0.62573464897894
-2.79313321217189	0.863214922909878
0.00565580108527515	0.00221870383614231
0.880977958812318	0.50966662319741
0.993891935566844	0.654855848053207
1.4625973545279	1.01898435425211
0.452355766972297	0.264500483334999
0.292202085227075	0.148057204965104
-0.359795750989938	0.118799642068247
-1.0117819543847	0.330149314324623
0.2627559172992	0.10598140245498
0.950866609498593	0.494438105349875
2.45671584700166	1.22538975355493
-4.67956966297431	2.47935352774325
1.18541394569818	0.858750821785847
-3.07066944053205	1.02781174921458
0.606394572794127	0.296616749173508
-0.269207310026963	0.119732370810029
-0.134025571859082	0.0475010779811715
-0.819560733890071	0.337550076883763
0.0641509727419362	0.0273786839131499
-0.696396804065836	0.269412176395228
-0.142171979333503	0.0425099159164041
-0.0479488985646823	0.0205430018101448
0.352679842398784	0.163239553944059
0.343324832122729	0.17577566279361
-0.110058829149757	0.054547051110517
0.962346032106543	0.814971430739404
-1.10540437212057	0.687094424047132
-0.787501801927509	0.391021535978178
-0.411376058851554	0.228156155196847
-0.257903627743241	0.112926303413756
-0.367780277368461	0.148224089614559
-1.40536188773409	0.767401717872458
-0.481510889969354	0.205440951759334
-0.264314132955635	0.133353859755285
0.215392420371027	0.117891275099326
1.3688695151975	1.13673696409232
-1.58344122023352	0.958134699977673
-0.35346782712519	0.186941280759471
-1.31919556935497	0.699146082027885
-1.03671369671875	0.477305685911829
1.68467244959395	1.1877063255295
0.401589600100177	0.247014061157543
-0.132418738420791	0.0469600899378991
0.627653740154196	0.306280099733132
1.09324936109108	1.02493451468604
0.594876935541323	0.426652719576981
0.0794286545476577	0.0374693946274076
0.433629494479435	0.293944032492337
-0.893355322793933	0.48202448911427
-0.187233514001069	0.0891986603296672
-0.255609044013315	0.0975247463095829
-0.74163145769724	0.217315819900199
-0.104825060812244	0.0410936369771075
0.548953244050723	0.356906227807662
0.306785660406954	0.158000560945581
-0.778736040375767	0.390742884842825
-0.376246471760773	0.177198743022326
-1.53040027242683	0.62039496993451
-0.139241140086507	0.0779834711280076
-1.66801702465256	1.07787156834797
0.0215757241750577	0.00697895787726285
-0.369757871564167	0.172591900913241
0.129608519759334	0.0503687794209193
-0.372660366652564	0.149780033009138
-1.369801860937	0.749667690312519
0.72932978864116	0.453389156430628
0.150936274635746	0.0923795830220676
0.395568892404553	0.249210089755422
-1.77704047248493	0.802619578902314
-1.10924361343188	0.83800859397533
-0.907492267162201	0.498345290323018
-0.930213708864855	0.515594496808974
-0.292239203106191	0.168178124007332
0.487380989506518	0.282568559854856
0.218243541354306	0.108787327353077
-0.108882194668545	0.0495602327509012
-0.268181153137947	0.11925309603167
-0.120423102344291	0.0427186144083377
0.157637187687918	0.0689463176172746
0.341429719922779	0.210700993507082
-1.52449660935889	0.90680262485194
-1.13433961375503	0.709065050829773
0.0305904303338162	0.0134548638578769
0.45200378670057	0.288077790360156
0.751159646915632	0.474086562883336
1.40903660221396	0.868439787729328
1.65167315144544	1.14956497377653
0.622078795385878	0.339552233924162
-0.101308918630009	0.0456579991579581
-0.515099480498951	0.264363590763957
-0.280709973043737	0.160575417388354
-0.193972259127618	0.0803422597522877
-0.124123640835924	0.0440530434867152
0.0424668800103096	0.0183055593823265
1.32936470450917	1.295158133353
-0.935061715936042	0.408787816507796
1.26265433359268	1.04138991235861
0.849163719561747	0.535517622166257
0.396627697179141	0.140419204919066
0.810303708714687	0.365290071676144
0.648463332674585	0.43968291691466
0.254346812993495	0.11485263916841
0.611273150950402	0.302150911088141
0.754898798263793	0.379309505691353
-0.571612626211037	0.306472518906906
-1.16351525003812	0.547449635836592
0.356322727939246	0.162158039211659
-0.489482054640798	0.211585008934357
1.10008179902361	0.730021272426787
-0.848493360908327	0.443856718671701
-0.364371132584803	0.218398542723127
-1.13815429903377	0.712798879710763
-0.075754980604488	0.0373837110555904
-0.205542973243871	0.0979153920360575
0.159434379077358	0.151489342190714
0.545648199835588	0.631627387049886
0.401882560471859	0.306097863352147
0.95140797088051	1.6616261863273
-0.407413025371331	0.317591150561037
0.553934102078877	0.608734608662255
1.00539781304878	1.3577996306719
0.648898106028004	0.666311258397142
0.360358729306139	0.286399677911033
0.419111882412286	0.319798746636965
0.47590279537641	0.393573925446797
0.0340069788379865	0.0243030011384705
0.396004529174586	0.373307983612689
-0.386612325817948	0.345503495954807
-0.518539287368615	0.539130658384256
-0.577413085528744	0.309616655361407
0.0113942986673421	0.0079685270876835
1.12888342644451	1.71418140446346
0.242023328961269	0.195969591120336
-0.0481799870255385	0.0350056283021579
-0.532882006064001	0.641411671877646
0.789994132162933	1.08652826869317
-0.160120268110636	0.114311870752867
0.198492111169029	0.13893669480534
-0.673527161137095	0.541343446040252
-0.474351900814275	0.465083929694034
-0.628381931845429	0.535944025642186
0.408207931230142	0.387430334144184
0.286400325660295	0.246825409420343
-0.58268492900826	0.560857241585633
0.351789449795318	0.314001043764418
-0.38073993040292	0.310952491048348
0.579140590741384	0.548846039125492
1.18790157435721	1.31235078823168
0.305702310959449	0.256181574912754
-0.477911424136677	0.39912012670386
-0.151491632808127	0.102279145925286
-1.80142090078223	0.818578179439447
-1.12485247348871	0.538906218101143
-1.78562323205871	0.80531998390442
0.301888301996524	0.170079288697989
0.663098614495826	0.445246327238718
0.308267161517295	0.157842670992137
0.263552428085796	0.10508863770249
0.393794784367094	0.142221606497735
-0.0712513799428173	0.028194413107169
1.36873519671241	0.652169767086519
0.952955247088657	0.680594984798712
0.377113322337231	0.135077714140545
-1.0389063819942	0.481104533874234
1.20711510745742	0.723215597535583
1.18983073746268	0.883764247858629
-0.593174688554573	0.268325604724294
-0.128575052602114	0.0450750243101167
0.485715983723534	0.231019866866576
0.515015170715212	0.274115147295611
-0.350975287523668	0.164221875451258
0.0200702137107371	0.00786332669834957
0.456673893609445	0.266658733134622
-0.256316839417944	0.0978124533507652
0.0939440244974305	0.0267542133243667
1.68567878451143	1.31261966648063
0.190524798102538	0.0654650476408813
-0.279375107416343	0.105738506858558
-1.61738719023725	0.983025322678059
0.881548526052609	0.508483000267134
-0.778638535324805	0.477179430278729
0.39189154424601	0.225422803571732
0.427123688622935	0.225775516363947
0.475127102010284	0.348683847404259
0.936242503875017	0.487500245483177
1.69014130792241	1.0660433305079
0.999667528259914	0.658906943973521
-1.66913842788338	0.710464993667675
1.38862305419579	0.752016685905647
-0.0316562850124153	0.0144381265270729
1.66510005108101	1.05258131194614
-0.394151970808303	0.160651173707399
0.465863811097356	0.27467788422796
0.381602789706191	0.137053813784318
0.497109468799197	0.263445105808605
-1.21292515096667	0.429243401902258
-1.02564330487373	0.470645904088033
-1.04223622811676	0.47411779362457
1.40053487561616	1.2709762408689
1.44983793665637	0.999943890824538
1.82668939938962	2.32347925168825
0.361629466610002	0.272228409790071
0.699038071926001	0.587067140443486
0.274694632631838	0.164577630857646
0.318103536173725	0.163024622548523
0.490849071129485	0.317539136796014
0.229561301678202	0.113937966298177
2.0807310081157	2.97278927596416
1.28604783547388	0.866348626261771
1.19630495055661	1.06209947538967
0.728459026998772	0.450413842960952
0.196060859497208	0.114868506784871
0.149425089780709	0.0845423340185251
-1.24259036764665	0.835029280610707
0.137125046398352	0.060072701912833
-0.479892094578442	0.281968358049524
-0.58371932185207	0.26576731075173
-0.26633319207829	0.101793581603503
0.136004442456847	0.0772113912461734
0.0552530742272464	0.0235470446315883
0.731805399412429	0.593768996670718
-0.0675086077549382	0.0427135934694327
0.271612846377916	0.206313347515163
0.375373069051818	0.298521609909228
-2.27425453725979	2.08185179956764
-1.2110389997708	0.609240420315635
-0.404205265331277	0.294245984010385
-0.0172527346554485	0.0085306608563619
-1.66300973408066	0.714108592548434
-1.59766007368655	0.977862404087696
-0.546878469099598	0.196746424326728
0.345234111505475	0.160280065068242
-0.937506217391291	0.404690002948578
-0.0283169079528309	0.0124087994619887
-0.594201617962248	0.321695746424394
-0.683886132460984	0.329638360939369
-1.97686612183816	0.964221709175746
-1.98516068723357	0.984040129035548
-0.396158567159548	0.159795060074119
-1.2412805590448	0.62741270447132
0.247312799336049	0.111337385994612
0.074901724909762	0.0351454717213729
0.651070298478571	0.507453680071672
-0.497401114195277	0.214783217840431
0.728960816325127	0.406029447522584
0.755635818911577	0.646620683151762
-0.726614283650205	0.427067860541268
-0.8215020036198	0.511092179003337
0.302117946901544	0.196184702305112
-0.833512832233778	0.439901142288702
-0.0330151767763551	0.0140154931322129
0.624187518393525	0.514970692975962
0.236195334751629	0.167215965185562
0.154387801702375	0.0997549254462012
-0.218124918012524	0.117758541325131
-1.67138825127133	1.45676147329704
0.105935030871983	0.0599868575727082
-0.485241585062259	0.204236504456397
-0.59294381865298	0.318429005167951
1.0427572736202	1.03272304608135
0.723691135607988	0.580886193455143
-1.31839938649317	0.921133436056687
0.117527112717324	0.0536964354551163
0.0735948693711158	0.034856863779046
0.34740966355932	0.258795968147866
0.228664255127634	0.123934315544184
1.1368380477781	0.926005585434139
-0.545953074617287	0.195346210449909
1.02670517800805	0.948598331385044
0.660481883316253	0.473335483059836
-0.179198433747706	0.0933932642763511
-2.08634348242347	1.07434592683143
1.00746336525968	0.65523839648401
0.552948778773857	0.32944279536327
0.0567758394596586	0.0241075243838878
0.265548197009755	0.159024548230534
0.628235414325444	0.344375744094897
0.5050118524121	0.265619635877619
-1.00248626613675	0.580954418696092
0.31093140724426	0.15922072106533
1.04692461716497	0.618021506385799
2.29008790311814	2.01760545216301
0.931267186466048	0.726269679323603
0.858261483669463	0.597610916240708
0.0276487020707491	0.0105060258123626
0.435586867889187	0.182247188645718
0.146853597894292	0.0650443487830828
0.19273417544913	0.11228576969583
0.346991107319124	0.228299569974184
-0.235952898791011	0.141534408733492
-0.4110761222185	0.229038236866775
0.502642111435666	0.46257488832079
-0.71409339852631	0.748290996760271
-0.112139195518761	0.0648265100956025
-1.0989310465151	0.963700797504684
0.0576968757855092	0.0431537009086455
0.184688684738851	0.127632321229008
0.115448928232057	0.0942695463501395
-0.00850823430315328	0.00654687268451677
-0.220313214987855	0.18094723307228
0.234989612241942	0.207532810717008
0.922998927551939	1.18059432146899
0.748775413416932	0.76362238729895
1.00826739377383	1.27512416004167
-0.222375487008161	0.141771856380593
0.172820217917685	0.105901403093806
0.564683001026714	0.535444574728684
-0.53206892929761	0.320959285238518
0.264846207386351	0.159116582142834
0.568772623826066	0.621169089424651
1.05884126960043	1.50608930479246
0.256283308974426	0.269946256383358
-0.0977989932752832	0.0790983474809453
0.0479433363753734	0.0247974451501946
0.191865512087952	0.148324455539639
-0.034664899151825	0.0157196158988744
-0.171324416753501	0.118132317290889
0.636666291875934	0.761998704270058
0.2443547927563	0.205519059353821
-0.246008579524597	0.22966873113267
-0.744951165071099	0.895933108192629
-0.243951513383007	0.202911778512462
-0.0776670631930165	0.0458062869765605
-0.30193317988142	0.24530697212419
-0.432381204058797	0.405381495838247
-0.53567771380719	0.463320165785397
0.0312791860916681	0.0198013231745325
0.143353790509849	0.101297818915288
-0.353939076265446	0.281642575153389
-1.13682821432755	1.30037521594548
-1.51587723081893	1.73218784424224
0.5301945407339	0.451149187570899
1.47731899632527	1.80709607293152
-0.791538174305147	0.562404152075156
-0.885100726661815	0.924151808858166
-0.560377430571784	0.423333896462992
-0.923435891455933	0.818777295845351
0.151580501135005	0.0594530185005666
0.0327042881472453	0.0171964186596806
-2.02042481258564	1.60303681191412
-0.171764268450664	0.0810871223339942
-0.503961472926695	0.256946144819398
0.14151849063082	0.0555511433919865
-1.25146237435519	0.835968957103337
0.597407866216083	0.293609264315025
0.167125639850298	0.0806265993151475
0.909153968318014	0.464247974373526
-0.372713297633393	0.151263725744308
0.234536504061903	0.116560467218373
-1.14382750709704	0.554508258959012
-1.79671459838423	0.794624536247494
0.0164644277005329	0.00660174430251492
-0.48061126634903	0.202614033727136
0.756887974226014	0.382107798473797
-0.132009064999494	0.0468970354287188
1.33413555387993	1.00811061374914
2.2233007065462	2.11998114361985
-0.375143052978216	0.15146562037455
0.887999669054004	0.514777685342472
-3.48500359339504	1.31116053701016
1.05842682346148	0.488882082115311
-0.159691141695823	0.0555866540420552
-3.28236109206356	1.17024149085221
0.400875374228774	0.144206303448934
-0.969950359355251	0.675311992651676
0.602467053591066	0.29649067547391
1.11122395999985	0.89795584545123
0.243771543221638	0.109953867172698
1.35256951004505	1.10288832678289
-1.59102637454924	0.990812490537889
-1.21461069370468	0.613856832364579
-0.150025232293722	0.0521412932576007
0.0250642331847984	0.00944819136160746
-0.133859380408577	0.046681125058299
-0.51163258082204	0.264170328915531
-0.432281524077612	0.21105923973481
-0.00089726907632917	0.00030799003459012
-0.837650499843541	0.43906235442553
1.13107683457154	1.06659500774119
-0.611542833754678	0.275967262102496
0.895540137554636	0.751217696836518
0.962621886026445	0.695038639084753
0.269691832386169	0.108219015303337
-0.696132864004982	0.269495937021908
0.934811330782507	0.729171575063458
0.495290414068691	0.348660526997663
-0.594734163539991	0.322537672756222
-0.277102690963229	0.156920428248892
-0.0175244736078362	0.00852890000165065
0.27640404638227	0.166294932939266
-0.227312789906573	0.12424149314644
0.657793561801017	0.398297693590237
0.518309819848128	0.281054888670827
0.123667125421121	0.0649382554792144
-0.00831638954410008	0.00383621545322079
-1.53705552334199	0.621762100402839
-0.209288967900288	0.100731268250729
0.875744035735451	0.932663518722102
-0.364437130948189	0.261511397775841
-0.215225598357516	0.10365184180337
0.555091147015327	0.451187958158133
0.939362932894516	0.480331959975161
0.310616725177576	0.156143466154596
-1.53883310567585	0.623536160822574
0.756167452084452	0.425944090082575
1.17965732782607	0.860039718637768
0.253380250703893	0.115287801259113
0.20909209259663	0.121952983389593
0.703419677590663	0.630639600847605
0.145959241150858	0.0714261660687643
0.427642207263213	0.270265851436626
0.0684882049633367	0.0288474254847307
-0.0930122896122536	0.0534532591354824
0.113445839107503	0.0599555007317608
-0.780410386434522	0.471944076145982
-1.13920543728449	0.555129028235634
0.0992017084078071	0.0281704859984917
-0.0775006412117417	0.03073150031198
0.0733755239703235	0.0349580411943424
-4.1519757421174	1.86996768293203
-0.0763655952433575	0.0375043933942663
0.241954239348694	0.109431233592538
0.028964079361203	0.00925947969555826
-1.8350691646059	1.30474308316692
-0.677130213489935	0.454449418980931
-0.872269206666058	0.567459754242874
-0.990956980489953	0.569219505762359
-0.537883556484768	0.275578131114556
-0.345683262741988	0.161174684945445
0.074890765485513	0.0386771754110279
-0.961539316297544	0.676172752623173
-0.663579905368597	0.440400879845139
0.141921000835444	0.0689681328014545
-1.48413160837445	1.14885083307262
0.417197948253346	0.304905888446121
0.385003340579867	0.240055491849875
0.280842349582217	0.191612143775998
0.280629876041312	0.214680281316492
0.632230412776187	0.587484744766122
0.275382231919924	0.153494442689823
-1.9713479683685	1.48141473531066
-0.222418815983045	0.120934775139267
1.04476450338738	0.617539782585434
0.0610163350811837	0.028952383011376
-1.20560551934739	0.776624584228278
0.172504884527285	0.0916013413228372
-0.815680142516422	0.33713413026499
0.47932886907059	0.280734795846131
0.196048404843403	0.129514465313144
0.0338192947779114	0.0188581516301912
-0.137693057108991	0.0760631605815986
0.22621815872985	0.112333278099488
0.437123975089085	0.202680438472962
0.856864649787846	0.546794320835272
0.280676938600814	0.183089655971185
-0.913042401326415	0.606986879984722
-0.73011447235938	0.43425843658845
-2.5162648409613	1.57629509891991
-0.3533086675032	0.116262502979462
-0.141406121107201	0.0501002210260791
0.916563341639792	0.706244814105354
0.354422140381451	0.16226021169703
0.474016876663995	0.227360021837827
0.309848764019266	0.156856961260964
0.618525000218865	0.33520739262396
1.22861284145516	1.00703081164615
0.286536814915175	0.142722102672176
-0.503363410641648	0.29076143677357
-0.144679180631174	0.0794062654360273
0.625473924138242	0.378754537724798
0.410235332390187	0.215280388927767
0.259390948463316	0.116127780744413
1.01610293566827	0.801180619361765
-1.46646202688327	1.1437798025705
-0.272069098537448	0.121690169584914
-0.283673622267101	0.175491143101574
0.736563956278022	0.594976417525715
0.286035722668376	0.260367795230698
-0.134419398894109	0.080239711669035
0.439892375811312	0.530356604603505
0.31658215212584	0.364896656972097
0.685712897834021	0.852169397739402
0.0957055069036824	0.0812155778333585
0.0962527492472729	0.0950907487663413
0.255564447525025	0.27639850370378
-0.653710150833901	0.694990187768158
-1.0197268623194	1.03814491840846
-0.565614878205718	0.595922585976037
-0.10864484299283	0.0806940824814999
-0.191977279375379	0.179207239787977
-0.485485848259844	0.597062666291309
-0.691618967342582	0.744727916964799
0.62685408806828	0.841296354593577
0.834920017514922	0.956947980995577
-0.12965865887614	0.104800845547271
0.671789936553663	0.661399027357082
0.498539913235741	0.415752635068567
0.338492471796531	0.263545439055318
0.435945507787115	0.295727631460476
0.354855714820141	0.349647965134939
0.253680565819133	0.195169009538134
-0.233955295847368	0.179072109836786
0.188179535887994	0.189280830530639
0.21676544190264	0.221624919279388
-1.16151495745952	2.40676028171554
0.101945762677747	0.0818960616850163
0.546728678704711	0.716284650347618
0.750881241690556	0.692207650017513
-0.165935066557285	0.133596544486996
0.391649076274678	0.455700068299473
-0.228885438495305	0.232326843807647
-0.976494738179534	1.70130365740254
-1.21283143986397	2.06113759114543
-0.204013987828393	0.212056397647271
-0.636710488932467	0.673069720541797
0.343592916675473	0.305278486538423
-0.521380137464227	0.597010991944452
-0.929610039197569	1.23315760379004
-0.249109923170673	0.240266068720835
0.843424737475385	0.792632855446709
-2.00808373444745	3.47989622441065
-1.47455438390766	2.4257979931856
-0.789264705156858	0.875991136576245
-0.0779652927715689	0.0492209807388348
-0.947853922255296	1.02956216106021
-0.145704185258297	0.087963212567003
-0.329148906318599	0.229108534948002
0.168432264585398	0.120445912182971
-0.32522061579113	0.223604560785197
-0.261157789086691	0.183762512616844
-0.535343067123687	0.325458059189012
-1.18373550213103	0.940958109322233
-2.81620352618145	2.05960315994467
0.43312031388682	0.319740390139324
1.3634484506634	1.13229605171433
-0.506390234528653	0.262125698970989
0.239988295039245	0.108134054875409
2.12772122022831	1.69908617875556
1.11396912188329	0.746592335656318
1.49102321496928	1.13881082875461
-0.348342682566924	0.163922663678758
-0.943870426113964	0.402715605126453
-0.35023379333297	0.164351416552315
0.507191760872649	0.272557357835397
0.151080310235759	0.0667735076706904
-1.52663322238393	0.614192291801064
-0.34944443281083	0.115527960288771
0.414541070125632	0.217690392588389
-1.18582952685492	0.776321666566252
-0.269536633558006	0.101286508223356
0.129146788335737	0.0561953690313399
0.898788554023534	0.520487536295375
0.169419545223945	0.0579891525537996
-0.83175683039516	0.340568665666648
0.26500638535968	0.106008153194914
0.280597837928628	0.113256796785344
-3.0007464905224	2.47697463010335
-0.258559717094252	0.130692890898728
0.221728637958873	0.110562043093316
-0.179572766934139	0.0851092160967086
0.0126662603113272	0.00616075827918354
0.740850946208591	0.593269082691087
0.56509185502779	0.397982199417543
0.636852783195019	0.390439277455945
1.79748847658862	0.882026307640433
-1.21195772088691	0.432190846813208
0.762779356571971	0.523311632812706
0.431160950530968	0.223815324558943
0.2817165156729	0.114115514800145
0.523580839879581	0.28373720390019
0.102017928406894	0.0578212860948339
0.287437284856097	0.115594605566328
0.424241147437675	0.177139571229259
0.84676650653294	0.535937749621678
0.193723706305086	0.0662875302558569
0.273223640062378	0.110788612298418
0.0222281841613513	0.00842691142270118
2.35761534923581	3.05123517887076
0.896290514044827	0.51012571788267
0.352680747708382	0.230551025630004
-0.594609374788553	0.323694239021171
-0.141109048583927	0.0788824295851547
-1.17855352378815	0.937797977386046
0.482612942111136	0.308407215552839
0.591314169758583	0.42422946382771
0.53094852680574	0.285991416662515
-0.767120202251376	0.54682452181886
0.517631526487173	0.275141153318219
0.626572724091959	0.346542398282847
-0.440291443651177	0.309252815173741
-0.978952535739528	1.00509751980426
-1.53084463114454	1.21155471395664
-2.31040353449014	1.33180903914377
-1.22187750228879	0.614378499293716
0.0465716939611581	0.0197506694798332
0.414342399359373	0.124740196342268
-0.479036150406649	0.20392256601307
0.655152689143452	0.438715939232607
-1.11078384951119	0.688393089603956
-0.397262226003373	0.271055843879851
0.915588744219711	0.890684648374297
-0.192924371940808	0.113130125045189
-0.598617343074842	0.326283543079817
-0.798146202789243	0.494866906928264
0.646180369982427	0.468937494995501
-0.914076223059787	0.503124418770434
-3.46885363110644	1.29838206011719
-1.2026684150268	0.425343592124099
0.392429789045216	0.139690752558827
-0.374688061586986	0.151094599030672
0.0552502360529467	0.0287121423693789
0.589668622956897	0.454540599985289
-0.95369591382635	0.414226225239629
-0.939197347811798	0.411595092610267
0.995603038763382	0.650889799033412
0.607239047019928	0.263309503649212
0.563961374198263	0.3726531159267
0.991992093786694	0.762598098311375
-0.111451859860572	0.0509036811300987
1.47325696637029	1.58114666667215
-0.0373361407315958	0.0170395234323262
-1.91340120430048	1.90991015957046
-0.660440771123824	0.625035424043675
-0.813521820937495	0.671974614009915
-0.222854944528344	0.120906845996705
0.567719330319491	0.461215231866575
0.555191422774466	0.329876072405213
-0.263172982958661	0.116801562976163
-0.530845697184433	0.542688749580033
-0.0563259560122614	0.0374467978606114
-0.74127978408781	0.432530768483864
0.0192347319682799	0.00840702170875908
0.410405946946845	0.216246025500497
1.39077107488037	1.24831418792673
0.89626026003244	0.754553298383503
-0.68791155010392	0.266567267469144
1.16918923430138	1.02539952148912
1.13451019896853	1.0755456361787
-0.186679635518327	0.0785506295246484
0.378791971182573	0.215660728426568
0.5686449411946	0.408336763279265
0.0151981301875015	0.00663876245278109
0.639275420852771	0.463419187481641
0.25068413516248	0.112872755399991
1.13587769520849	0.607206735541222
0.469899221135562	0.276930725931395
2.17942514818526	2.28220091340591
0.771536691379813	0.435084978715211
-1.7180169127043	1.14322138021824
-2.07092504143897	1.0570766270421
1.86429297286224	1.62507392530585
0.426878770405069	0.27007928698663
0.514291924611534	0.384534050815995
1.02574862101123	0.6080684781589
0.368152920358866	0.210800088716392
0.736036002805497	0.456647360614608
0.339975462558748	0.157031070430888
0.552683440361267	0.331437661394675
0.643965123449677	0.394206909381627
0.639629127766448	0.39058308158257
1.98982856126007	1.29776678614239
0.276733594514363	0.111318319005278
-0.39158239673703	0.159170530339123
-2.070958682079	1.06524329906894
1.17750237689107	0.872577936096864
-0.218232483166512	0.138230537862002
0.363629914130425	0.207755320708937
0.514976260562283	0.27754002419575
0.405516111699431	0.208592088551964
-0.179653593116381	0.0861904776899524
-0.215421265459081	0.153728855963556
-0.267578214943885	0.321335773248591
0.501945957060275	0.534229479649146
0.0930977103432485	0.0610374353618543
0.196598736517855	0.169579211009021
0.429865957355411	0.398843896590274
-0.684221976335852	0.512939578876869
-0.203515958531976	0.186682915049568
-0.27629859717572	0.279865602136513
-0.126224628422132	0.0986755591609027
0.20100906842831	0.179486644586502
0.668392919170472	0.738851664571696
0.495819130580362	0.560296750750466
0.937958760239113	0.962479376804932
0.699495298964591	0.694641529993282
-0.241603542991325	0.165583404050407
0.395370959661497	0.333448542879517
0.715071113291448	0.526769982987473
0.223757081580083	0.195030649840711
0.623106006293124	0.806401816754601
-0.0998217006956465	0.0951524001374674
-0.766783819185734	1.11691624445914
-0.640570452900249	0.711195684788879
0.204727086407648	0.178142387639568
0.722126909616892	0.577832362441208
-0.00555137780527071	0.00375195051740566
-0.278326704091684	0.220446447989831
0.778626638877197	0.976181064741873
-0.978699229433569	2.2435228501775
-0.745011495425114	1.29389277612585
-0.372693845765114	0.389186152760151
-1.66295295850509	2.08546788731137
-0.967575119316239	1.15732245127995
-0.274555930316172	0.218404260717225
-0.800726943789443	0.953014885198568
-0.785795243601659	0.934524731380803
-0.0388949032043781	0.0271141843083151
-1.54788459503651	1.99578155661187
-0.941014966167348	1.0232803114607
-1.20874258055488	1.76904460671075
-0.238354189545741	0.144861244286764
0.921546846901169	0.914462448362021
-0.635965006158383	0.554372341301191
0.123596503243285	0.0752353960444908
-1.66974378856204	1.44681375972041
-0.314304040643665	0.215419229167253
-1.13400247853369	1.2794608696101
-0.0685430690787983	0.0271607650041299
-0.823872289570652	0.340210830310122
0.220406377873264	0.11042265253175
-0.437005296147125	0.243824336318501
-0.954583248757432	0.661729784235548
0.234856667862625	0.105654079903897
1.13252013873857	0.754669275342158
0.739879251503768	0.416849491851779
1.21219494706888	0.733529645692196
-2.3249179848314	1.33941013856513
-0.592156687715462	0.267088651720418
-1.1528559581419	0.540269666062664
-1.52663322238393	0.614192291801064
-0.771498794604298	0.389510426702416
1.09841174180623	0.722076507807488
0.273152708023491	0.109369980730723
1.3964458166071	0.762192655457273
-0.532619896627481	0.191247390478754
-0.0576586765523711	0.0242407415298338
-0.284058085922983	0.107844676071025
0.295996665494504	0.150306192050204
-1.22566059127436	0.623088551240988
0.0507537170053444	0.0215589352380546
0.620082277347796	0.337676396512374
-0.38395024892161	0.156540157644232
0.260454879179748	0.117561972974507
-1.68818088131069	0.721484885600763
-0.924264200674998	0.398486457730534
0.812337476006489	0.660042819307226
-0.00954079619620779	0.00467616150689623
-0.491470650207767	0.285932666149186
0.619421523082338	0.478032765369209
1.21689652776429	1.17393623311165
-0.694091947524569	0.266799545678477
0.0472134196921697	0.0202065189086401
0.743765667475142	0.46584457802704
-1.2125542638513	0.611964544495812
0.154549202380543	0.0605181750040543
1.66339347162007	1.30164062074118
0.932988783705941	0.480028233066246
-0.380872017450401	0.153923031950488
-0.819676704280658	0.3334766117362
0.365526857174569	0.225652814969242
-0.388995600800439	0.157946350560975
0.557730667420919	0.330356124239611
-0.944558393038905	0.411260352908548
1.01538787438568	0.593620355194878
1.16096216311778	0.608999398553157
-0.835431741220964	0.438163494491189
0.523801071747101	0.281177557056261
-0.190284634680156	0.079739880865844
0.554843791083781	0.472902762628502
1.33310195735433	1.00238910060165
-0.178645712447338	0.12969745859111
0.2982619247078	0.167018153658726
0.403153023735449	0.21151805483027
-0.420492422025459	0.263981300000588
0.422002654776033	0.221142358568283
1.84174599877707	1.89214880053259
0.526292481243329	0.280751536159481
-0.419659858914482	0.226534137938301
0.501845004719374	0.375591418565489
-1.17018993799918	0.906257180383234
-0.34466721973023	0.224668763571191
0.966122191695275	0.881170277403459
0.299401307268533	0.178539221975176
0.143588123995788	0.0630946245457341
-0.390825715489292	0.15720075559001
1.2679135165255	0.862160076544388
0.553624947588127	0.329230888664844
-0.506650825031768	0.259503815356517
-0.114199050205548	0.0795396854162992
0.83570507034852	0.795103832309387
-0.0640875912791067	0.0386298421454906
0.0230804729220328	0.0111827391686784
-0.826833399500841	0.340985869579593
-1.57476838072712	0.96179467725545
-1.37205020419315	0.520660547748031
0.187595734621258	0.0651685342807702
-0.386051793015389	0.15753491713721
0.371538600600113	0.21055291406873
0.142615047894084	0.069948458660103
0.653496596427934	0.440355163364769
0.628487023118277	0.345250643656491
0.147142397042986	0.0577643219170307
-0.487607564491636	0.210088407601486
0.205387737845643	0.110459557283899
-0.130717996744793	0.067354549845133
-0.68508902865827	0.327007027150769
0.257279155462847	0.164734722994419
-0.106582288216236	0.0484025833911169
0.463113095136828	0.272439748324555
0.116988052467803	0.0614494474756504
-0.0302275838603679	0.0196916386565452
-0.730233797872058	0.429714031341835
-0.161421325600198	0.0837304083835495
-0.101471432036149	0.0555914975370364
-0.083603554412025	0.0411971421852086
-0.383388168452815	0.232092682478458
-0.0560602171076456	0.0398121376597445
0.180059109009129	0.118313170494554
1.14276036233018	1.43419240415036
0.387196144921163	0.259063416137659
0.324137963381094	0.16632765878427
-0.0920274494466479	0.0357700909328281
1.16949362934106	1.02008825078876
-0.352062365000485	0.163594045522079
0.566268669926789	0.36896994172674
0.352027022489727	0.162124369819035
-0.454021295535697	0.260448412456419
0.332005821258721	0.204297779706048
0.479285002297143	0.225228753724413
0.574139734737773	0.412053923836088
1.07521053113283	0.490727079054367
1.40107966281893	0.560214387708368
0.812542481134168	0.669132190287944
0.128875030868446	0.0684086409564314
-0.86695468272767	0.558004149739589
-0.0389930138560651	0.0165636632134709
0.220746987815077	0.139580713669861
0.495357568820631	0.316261568193408
0.509231916959218	0.267435744499693
1.35823789802126	1.09439824048274
0.727691545100857	0.498583933514463
1.52177693407842	1.2984598054034
0.844001323720493	0.597376128892552
0.731724282970312	0.545218664320612
0.275123933229507	0.111086401766517
0.522565170462751	0.31106246506285
0.037220489494552	0.0162626127449367
1.67331865145666	1.43335921971252
0.329364705984249	0.169759859523887
0.592760724011267	0.320378673500604
0.0423167216941567	0.0245273143548938
0.0680981597185201	0.0349694551740758
0.34291908850101	0.15765622623142
1.4905486158073	1.14926815761251
0.0333173957303488	0.0144867310864409
0.490386728462518	0.232583081996032
0.0431477948436537	0.0186781020120578
0.263313897445634	0.106161743674113
-0.0311810258117212	0.0130917708077647
0.132922652735669	0.0645507882946714
0.605496097058888	0.292579844771689
0.419423644710666	0.468638925048304
0.497623330891688	0.543909282742125
-0.19036136345677	0.167312711510891
0.676348287197217	0.853334012364659
0.652441042780393	0.636467662987061
0.222049036767033	0.195609125770976
0.0768026459339594	0.039610623869221
0.580007063587259	0.625070633585262
0.321061523044303	0.29184594414942
-1.0989530306724	1.61878794083725
0.15686406289002	0.142572195388154
0.481173766821255	0.505773193353443
-1.00740880918589	1.03751440538133
0.21353027884897	0.185621103355761
-0.345416724240044	0.308776190145729
0.158747150101119	0.113676431608981
-0.0772585118211744	0.0597453111073522
-0.403332933717071	0.319108052007566
-0.916671687330046	0.711954182185604
-0.357676198781578	0.286370629286131
-0.602394632066288	0.553035692133555
0.205232138364507	0.137247987989779
-0.758007943213322	0.606243874227265
-0.116940930897571	0.0737914767158515
-0.481473574063827	0.40097658542118
-0.346580866659143	0.244411914175157
-0.135649301985005	0.0860761454464969
-0.371072580203488	0.266820799328885
-0.124010858824039	0.0571243183206199
-0.0656196131179932	0.0323533976926668
-0.586668795914066	0.410865292872114
-0.215575904779777	0.104478563112417
0.733958031439344	0.548175995678962
0.512655313969056	0.360837883705614
-0.345078216203785	0.160992883008728
0.0669296762877045	0.0281006741081189
-0.429033503577163	0.239266043683493
0.639242456189526	0.39119695454124
0.880705741684108	0.564667879465065
0.156730474715185	0.0612615687244234
-0.0990941890447767	0.0389271028989872
-0.596670787245983	0.273487604461733
1.44916383697968	1.44040470932444
-1.0454877174094	0.481136153516319
-0.486701841862599	0.207591118408472
0.411510376779832	0.214606851944405
0.565708604520188	0.373278531456763
1.81994086094567	2.00677779934444
-0.1014864253212	0.0460097086421246
0.433991541977704	0.252644036707409
1.43675413354951	0.98920138345451
0.98727727706865	0.858307998725866
2.12954649826989	1.22946097749278
0.153988877330598	0.0671592848793938
-0.136208310350293	0.0809526753489687
-0.585461710126106	0.371924795146497
0.447380682091496	0.260355732557964
1.6243167849422	2.36720265779905
1.21991772738438	1.1666236695671
-0.260566148436008	0.131337046448609
1.24139552561564	1.02196298710162
-1.05193266475283	0.630306722544628
0.177309859681317	0.0609107960193743
0.252152901549639	0.114053856674445
0.237424595860313	0.10739288286451
1.48954156827876	1.2349189466784
0.744970287091531	0.372101185490761
0.629546888773133	0.347799923043248
0.229461896625274	0.124928828425385
-0.521364486536422	0.263606933221909
1.12509900291066	0.904902120401167
1.66729530708915	1.42740738163123
0.443588050886967	0.185635161587828
0.580366962916499	0.414708181239576
0.64914543095319	0.434261260517014
0.430460812798883	0.312694207621875
-0.614983049542608	0.391550544023451
1.26505736033913	2.3606914789385
0.268091918216473	0.227521356682211
0.18705201005452	0.141819199387189
0.209512451718033	0.132215616378444
0.126830311075412	0.0671783718040274
0.447353654982121	0.256598060499333
-0.788290563441465	0.486667520015948
0.754410454091058	0.68883209220253
1.07842835530222	1.12699632450117
0.747940491519906	0.558701612264454
0.653756291075809	0.772389045929907
-0.372943792031874	0.304748156777234
0.574106437772887	0.409994451303171
-0.506762893764499	0.29846121985451
-0.287262166216463	0.177793261277351
-0.0778332692042942	0.0378120041271962
0.317126462506825	0.162102997275794
-0.13762555017734	0.0709720506554826
1.22504990700676	1.18191400230295
0.333031452488033	0.205447685784809
0.0111816295959107	0.0057697558792258
0.928528949010762	0.717599150314111
0.220197416451974	0.155997660712748
0.634859199559727	0.557516893246057
0.303704694851945	0.168963212877089
0.184084482453206	0.114443969840582
0.62860868314773	0.637241036115835
-0.157879614683763	0.0815686324353349
0.155364462605889	0.0604743461543292
-0.427414549929062	0.207070763163285
0.409188228946986	0.252163494218631
0.656131550594314	0.439273786248616
-0.159344062676872	0.0891288585520306
-0.0714022517569149	0.0348722637885403
0.885289095336229	0.670804625870265
0.970442582202756	0.818640888621702
0.139230993121475	0.0736371508936276
0.126990189968862	0.0726905452877567
0.732625450796868	0.543183360703238
1.76554070030435	2.84074913658997
0.49264432149382	0.320511521434974
-0.380996084895903	0.253508211040532
-0.182330540037163	0.117755509913462
0.829896500876064	0.941832505423264
0.322154675061692	0.238128062255566
0.613836045658971	0.302980135241654
0.578540667508129	0.476848838470463
0.641112434776785	0.386998044789026
-0.610879565575578	0.387711792278552
0.042518533433832	0.0275228330749936
0.520670917302355	0.464831256643951
-0.510501869483855	0.376196692061858
-0.0958620025692256	0.0624229213093871
0.859552179310106	0.867213832333158
0.548849530985356	0.356254085719875
-0.586608933279926	0.454195297048362
-0.830484928801714	0.532745138935221
-0.167737966470541	0.109528995256553
0.393008745260901	0.24184460727744
0.515169844220943	0.431803915455739
0.987394627462249	1.3373683153752
1.65019756074439	1.63694395331173
0.21995071010396	0.139218446899786
1.02330054793668	1.18102749303068
0.930694135352469	0.723013012675456
0.505011058985184	0.270314912845718
0.24595232931347	0.184842554844628
0.248367279652292	0.124206031366256
-0.405500533357092	0.225762743587997
-0.26096117216213	0.130728121027542
0.832817375149377	0.584045243156318
-0.847993257819205	0.717065792552577
-0.499224323870844	0.324609934931592
0.271762645716124	0.150821901081502
0.139347937695107	0.0604718823644495
0.87591166044959	0.734125806892947
0.680247430608862	0.454087604573036
-0.46217946641563	0.35314216421856
0.761153286483105	0.479166710219527
0.603869182800233	0.293332177188127
0.21968541870295	0.119101061331069
0.738331591525032	0.540196431354483
0.407784950597496	0.314640406178234
-0.129239333041395	0.0766484220897708
0.988852289042673	0.643699943687814
0.378352670864576	0.285150931512531
0.271692590452306	0.229930878978978
0.00429838122780889	0.00303425852048031
0.0873121831550355	0.0523678207465677
0.547057093015079	0.51621917685571
0.152781925735824	0.120494394256913
0.582073239070283	0.769761941998519
0.0967363474304385	0.0665255366699298
0.47854395524618	0.434107560667208
0.29929747123209	0.179748436829228
-1.12957098039728	0.981852971645463
0.605189425146663	0.553622655481255
-0.34171894995355	0.273410351473028
0.380698156582692	0.290818211479594
0.348651783624251	0.28800357726006
-0.123001153205066	0.0859375812542904
-0.337911188198254	0.28241471742896
-0.0242927423717194	0.0149313086131351
-0.411531454516311	0.281456120500886
0.52119993592324	0.390000930463798
0.109327751438485	0.078428433537238
-0.096266710062447	0.0736799762111666
-1.24193678854007	1.0247800858842
-0.00144480032763024	0.000773243131217618
-0.482028100786631	0.281732078900783
0.0650330090766832	0.0303621446236171
0.279637607260636	0.193303691948648
0.328585727798595	0.201673759348016
-0.0399269861692454	0.0167869183600822
0.309274425277046	0.185226598963192
1.01694636197016	0.790619439443192
1.16859317583444	1.00871591830616
1.65859933883288	1.17322857895883
-0.35816252763718	0.16963566782401
0.708780956644712	0.611409877918882
-0.679749638184347	0.326145738482985
0.243980682677124	0.110510124608212
0.3370981676625	0.153668092430011
0.208930832893102	0.1134566231832
1.558034001249	1.56073235473379
0.946283558426068	0.667004273168394
-0.372713297633393	0.151263725744308
0.149639247155555	0.0721000907008563
0.821659275475839	0.721288610855179
-0.745263298385204	0.3737444023999
0.223999072373236	0.112867582212428
-0.0431207803032425	0.0184581993325574
0.500895945202092	0.268430866445535
0.944952527039763	0.666643337437501
-0.38395024892161	0.156540157644232
-0.560761878097527	0.198058508090595
0.301112256309235	0.152638081350957
1.13283830065673	1.07183614678126
-0.384354181588783	0.156233354186871
-0.338390433197877	0.1794033712332
-0.321501145525711	0.167974499986693
0.630847516741742	0.493059391105171
1.40081700576455	1.28393307145671
0.228120697624711	0.124913735549352
0.379326633299849	0.233411680876421
0.0372304798593009	0.016034499048884
-0.438882034276833	0.21741369112386
0.730333695928734	0.540513570630149
0.927086707468724	0.725105226542457
0.0256691439436781	0.00973693103537054
0.936039674683382	0.670845186481739
0.00688603166087066	0.00336960847689059
-0.700725487621264	0.477786068971589
-0.038558815279399	0.0203865730352602
-0.653929576138324	0.36705951742941
-0.92242110987453	0.400671517092803
1.07309310099758	0.936521955885392
0.380317560788165	0.218562130723058
0.815014229967546	0.670073979435563
1.21035205357824	1.16053285302189
-0.0283988819897463	0.0190484617744098
0.320333196016905	0.235914807287324
-0.305684484612447	0.207650803799622
-0.260029369368555	0.158223258300952
0.740697598605864	0.59418650173497
-0.0228459733761811	0.0133955443955481
-0.349861619970359	0.209500495270967
0.561784949010373	0.399800871479655
-0.951361450059671	0.870358197074907
-0.426275354618441	0.236781976115286
0.904990452049604	1.02122718861706
-0.193753492594027	0.135372830923319
0.133580356576273	0.0649395344191485
0.559837926253247	0.459525142639232
-0.707274495369852	0.471442459395857
0.557685764664599	0.334719351416031
0.499676075798242	0.266446237077702
0.40902968458449	0.27757591540569
0.417401327402334	0.303597589863557
0.0682354177177614	0.0420110458908103
-0.00850042700665102	0.00565666916700326
-0.163467276713075	0.112860019830485
0.492026339757347	0.367815085782139
0.49540564357964	0.346812253444753
-0.270970916857158	0.153929718406582
-0.0125886135611656	0.00615451758691091
0.957856280843291	0.99661643097834
-1.38534633613583	0.764974879102226
-3.6725020407424	1.43618600879631
-1.67119584144953	0.710971305485713
-0.733708183904731	0.502098793220348
-0.940491096075879	0.413480643056987
0.0130548362429798	0.00510028998635484
-0.0864424450492934	0.0339739931899438
0.674566823779627	0.687793789691261
-0.166383797712372	0.108452981716696
-0.285581216802746	0.177211609125916
-0.214078253164673	0.10328281607828
0.749697852061556	0.46725730811775
-0.256052397889005	0.113087648059418
0.191082518786376	0.11195468573941
0.443489724020303	0.255582563627667
-0.159659397653912	0.0826496520157327
0.489160940893974	0.31402744734906
-0.261385067660347	0.1598819217348
-0.368307968760378	0.26226680292442
0.593812936884886	0.473996356724561
-0.587698997265476	0.530143920845279
0.436956472016339	0.350971623041147
-1.80542493152308	1.2427594037588
1.04826611429298	1.16237135345433
-0.862175294859383	0.456976117555837
0.0622657358955943	0.0322074070790032
-0.0335242746404063	0.0241781116107045
-1.33599766924348	1.37323089481222
-0.333835553887029	0.233641090651541
0.321898801006824	0.265271344278697
1.13175461729508	1.13018925478147
-0.371532868485624	0.173863140126997
0.457658990881275	0.412711145761138
-0.360465039588469	0.254273232771051
-0.344183108718626	0.240705795635353
-0.54530816903453	0.33259415831645
0.495718807256859	0.39252399311161
-0.121707520014272	0.0786966748608972
0.888303142574374	0.741635602854285
0.441416947157061	0.323599935370455
0.929744294431843	0.728260664886091
1.09413986217969	0.946764275999745
0.363636221349449	0.260319523253478
1.21055131134601	1.54013472878897
0.303718876718015	0.209650115705792
0.434393702724323	0.336722369508042
0.653312581468588	0.396768957525379
-0.485459711742987	0.42470595651689
1.22677515856066	1.18510229272967
-0.906113759654365	0.607218347553101
0.575179513825874	0.415576825124691
0.650658830174333	0.393414844281678
0.24531698279222	0.156553365386264
0.626404749962977	0.481922526957017
1.15178722980241	1.29715971570939
-0.0773467862332957	0.0471015004231799
-0.0567838580961225	0.0344352537473457
-0.356897151974153	0.190344450752032
0.733627692086219	0.587971978712088
0.132282755660381	0.0641442103750872
1.58656776016483	1.851587431939
0.149461644851099	0.0786187515642008
0.35796947112532	0.239209922154348
0.582793524581853	0.419643242808549
-0.777071197337987	0.478492955601371
0.0202549037361511	0.00987537798204289
-0.35496719014484	0.213807918421167
0.219714023048616	0.119757576683226
0.566565326638128	0.395867771633414
0.0110306447291373	0.00538804318416944
0.724003173673172	0.819488483612961
-0.275953141966306	0.138442641366169
-0.393924660005532	0.240157961086383
-0.446513394002174	0.220703789313932
-0.26306310702179	0.130435944966751
-0.0202698505196533	0.0119579038199789
-0.114618802437139	0.0512572857818465
-0.265757918684892	0.133406450041736
0.0524229397083078	0.0224891309864669
0.0570147414083717	0.0313736045351608
0.628953491569231	0.488613658050665
-0.0320215469052924	0.0139866913497855
-1.22517365379885	0.619705963672024
0.0617981678105885	0.0264297100107126
-0.433103841160188	0.214052083138803
0.845585842612055	0.593358416181885
-1.8867006001794	0.882345267857899
0.254279431211589	0.11440154753773
-0.506282626304713	0.297444653845481
0.361588922578722	0.167603450321791
-0.127325389026526	0.0579478541414691
1.8168918618878	1.87004086244196
0.841764177738292	0.530803528442535
0.372519242165451	0.227899511944449
0.638807582808284	0.392466160460714
-0.0750638116615458	0.0297329843422385
0.620233830620884	0.341383821399057
-0.373085198551725	0.175641191314239
1.82674997964868	1.73979304569094
0.733352508768394	0.413341649424482
0.0630098752310706	0.0267941027988542
0.146815125293524	0.0570802184379867
1.45896679761265	1.00755122032068
-0.131497987477706	0.0463178026927839
1.36873519671241	0.652169767086519
0.476748579690089	0.225479320022004
0.647020288668551	0.354113430853426
0.609171373011691	0.298390330717689
0.401559415271794	0.208157065474643
1.41420284194341	0.872688330618993
0.445836702829987	0.184395262469637
-0.369467530812212	0.172586021888157
-1.21486681926833	0.432328057695816
-1.01757348716655	0.325245822238615
0.317760277235165	0.162790836613488
0.269930397984514	0.10837367678136
0.44844180971344	0.261783858024599
-1.30955014852829	0.699445078363144
0.466101484361408	0.223956556245846
1.29618096334405	1.16029597201869
-0.268300566004267	0.119144889547798
0.154906406946961	0.0677879316457017
-0.519557164190004	0.268913987170674
-1.37524293699025	0.523543137903667
-0.809161963103327	0.33182309251424
-1.78473605562639	0.806652873063401
0.83495273283264	0.583905865415651
2.2455189838456	1.64694434044021
-0.842634693658318	0.540632580464956
0.619116326565261	0.341048183965774
0.640323108755318	0.428630243371389
-0.436381736678449	0.214505949890418
0.0421987231005256	0.0157349178396492
0.640448389939008	0.42125578051624
-0.00133584472966158	0.000629688672480473
0.860448379424259	0.548243115190977
0.321664289313358	0.164445186504531
0.520238206347517	0.407365607015126
0.77968855008171	0.686596048013816
-0.802581013243986	0.723618761583935
0.244719259099683	0.145169148200802
0.192791055003719	0.134948398866446
0.83759857577607	0.737519894761579
0.399390276418256	0.208825373237913
-0.13525602693879	0.0751996471676209
-0.0905288719893378	0.0357564184683229
0.308290798928645	0.156445798868646
0.347052185166717	0.194763140609674
0.517942503039613	0.390061999224784
-0.0540721879112898	0.0266139058369797
0.900498930053122	0.516373809870321
0.0401997691568949	0.0174666806069751
0.154481561539991	0.0604049933426369
-0.093861558274814	0.036863911388274
-0.0228744058981345	0.01006526415926
1.27764255648607	1.42651180324747
0.740153092831219	0.55404585856043
0.286405110640742	0.160301102839139
-0.546077784413057	0.330899468941334
-0.935660606532161	0.518593873463244
1.00029153972849	1.08380982046992
1.30385758662302	1.53397427356787
-2.46093157581238	1.48034101126726
0.361405371373257	0.239170704371036
0.236193252311282	0.117443957435566
-3.07066944053205	1.02781174921458
-2.79313321217189	0.863214922909878
-0.389885045065393	0.158016358834002
1.33607666363169	1.013548540626
1.15004784907096	0.612215420901186
0.389926929403397	0.138262302956344
-1.7242226827192	1.15140854642419
0.561219823673302	0.476976459224591
-0.18502241880227	0.0884761959766085
0.977256932895839	0.642687993052987
-1.02984141819051	0.473331739873499
-1.12614029484909	0.543413662231164
0.3238061398329	0.197823506858075
-0.730881243771873	0.432790293190015
-0.513744626131172	0.26359831624038
0.188645660781144	0.116546669304666
0.363564127905549	0.168908203281489
0.227080547425629	0.123457070560543
0.335154949230893	0.207164748234846
0.150348572219958	0.0660334384759109
-0.443873481083613	0.282788362822122
-0.272228275933519	0.119674200021488
0.185490016078805	0.0994731485878133
0.737480580963103	0.460277789684752
-0.193321175626518	0.0933852363312312
0.0815319294750826	0.0480193359922695
0.297648360871603	0.193968549323038
0.664540391392252	0.485883221527661
0.622408246374555	0.450943255862168
-0.888966056380892	0.587820092649571
0.317735834128098	0.161220265677738
-0.323668284230764	0.169971019921642
0.619307645434108	0.544010486827787
0.293704018911163	0.192344516861416
-0.323948308111538	0.167396018147129
0.362586139564289	0.201883780191464
-1.07831780905657	0.955117690086997
0.230028095168088	0.100728626761874
0.869289693222415	0.970264534273908
-0.0172204840746175	0.00779967600004249
0.618248895523139	0.304109809173913
0.0298164898559152	0.00930485183770724
0.403013243524813	0.2858957522649
-0.349861619970359	0.209500495270967
0.283850609958481	0.18534257140887
0.54551842188676	0.325043032910605
0.142706843015116	0.0752835362250733
0.0363409147590155	0.0202747928936864
0.15442861687171	0.0681105866033893
0.652424584709126	0.439955985515558
1.44765399354114	1.59838099350914
0.458878609183434	0.28901776498047
0.745437141440503	0.371476085945061
-0.644132356516503	0.3593244543575
1.1236937043349	1.20385047654508
0.386401387531099	0.240934956357885
0.154810767504502	0.0747592211293194
0.131619172333031	0.0752800215981034
-0.924428212584519	0.614891793321072
0.269748666579653	0.147976807255329
0.299383713746548	0.276409191731556
0.117457800409343	0.0616793548567333
-1.47106131145097	1.13362182080744
-0.944759109014739	0.646359509571357
-0.151020129679454	0.0784512729486004
-0.829537456501285	0.43462277898788
-0.225071706960118	0.122538386440845
0.168565155983875	0.0814046573545379
-0.168130612261872	0.0939275229287696
-0.838183963292016	0.536872068288693
-0.417322749242905	0.255946374907499
-0.0132795443989923	0.00646786043307529
-0.523642431231794	0.384975111889189
-0.0760128288349031	0.0373934186424432
-0.891966542868513	0.590494484781801
-1.18320553224333	0.934666469963772
0.342062185502553	0.212157209154407
0.244018128636211	0.145490850372468
0.355656590017171	0.201292802791792
-0.846824081468072	0.638170050312438
0.551031884628023	0.329807906499368
-0.146954282953131	0.0443698981792228
1.45941131245171	1.01068464792366
0.103145033916568	0.0613825465082084
0.877495423499873	0.552430056430581
-0.170827558992229	0.0716377532551515
-0.63942010061591	0.359323050444968
-0.829378758832525	0.436871628106166
0.479594861120796	0.310980853881044
0.651609134320362	0.244803498324509
1.27147069308072	0.860219956655708
0.274231147885059	0.110792047029953
-0.0630918291695318	0.0309896242092766
-0.270771865478464	0.12096509182914
-0.603732785365682	0.387759043573677
0.369374981570999	0.186273120102267
0.540105885605888	0.345787610371763
1.06963449823957	0.769401028436876
-1.3977541952887	0.530994433626513
0.213477518445218	0.125185352319923
1.35916347757016	1.13463380546224
-0.568754972257919	0.302412009612853
-1.14629852945452	0.710748320428473
0.97356643917715	0.828881911666641
0.478830208794868	0.230447727180331
-1.13482206426699	0.552257363758663
-0.141175594266016	0.0489611167233519
0.849585047840655	0.266257341580392
0.481928586697568	0.229487311392605
1.18346407123025	0.863563541399119
-0.938493065887953	0.411601176603306
-0.00556537242765007	0.003078159118848
0.14227075903212	0.0690279270453857
0.754830332503582	0.56152890651147
1.14050028246057	0.917260842178107
-0.136810242532051	0.0623565834198029
0.509646293063656	0.327348812324685
0.101308259918085	0.0288493166998141
-0.0487391982401264	0.0209036302103441
0.144788002717812	0.0826836689135234
0.847380927697196	0.598031880818831
0.420352553049868	0.219453279872799
-0.116070682665186	0.0531588892710268
0.925686837695506	0.727841922350658
-1.52965285064571	0.619722185922696
0.253898705495432	0.190085053960362
0.340647850598045	0.157323380383357
0.858486420692506	0.489473321787509
-0.913760260073867	0.503383811879028
0.227707083702692	0.132834634806721
0.360336486607564	0.20642118188575
1.07048722992066	1.08208494470301
-0.0365397430650394	0.0195978336852489
0.422693634495872	0.34461098472303
0.986438221186852	0.847526576232634
1.44213169661766	2.22994674177287
1.12167398159671	0.908139017357549
0.302377049456015	0.210847017622136
-1.68504436048513	1.44284818962179
-0.137193607264757	0.0821740525121272
0.326348635152781	0.180995729168338
0.334759311274248	0.207092898340811
0.212145279650714	0.105697965578251
0.257730126167741	0.154465788287443
0.465832572502089	0.312804328906573
0.330890151445892	0.200678588430213
0.639022037861479	0.503824885826961
1.4020100619047	1.2535271243357
0.245114787996982	0.11094512822364
1.41011292356773	1.2720306729797
0.952555277677065	0.872541334757149
0.344476091393573	0.212556227734127
0.712488536018815	0.6461316681524
0.452568056893756	0.38256048635456
0.0423368367470847	0.0261325399853023
0.0354150469782189	0.01955721475777
0.355513362549206	0.202737567688681
0.738520149683367	0.46267838154148
-0.714269850088438	0.490388067954673
-0.320452320904855	0.164872356364878
-0.094841114271023	0.0465697450849442
0.318196997814744	0.25608582841332
0.108368240080389	0.0647673615330077
0.147615515353544	0.0785790481777347
-0.928324273412616	0.406192878036709
-0.532110229324546	0.1920029718475
0.154514474340227	0.0745906181765513
-3.92129766662766	1.64808716503328
-0.37197922699586	0.119217411931972
-0.199167171700777	0.0958711241119201
0.487669627155949	0.408627145599701
1.31865132519793	1.36810056519305
-0.474282565130934	0.276971066729737
0.577931242407835	0.381816768976155
0.405555893791108	0.212961535535942
1.07721310826504	0.93913671424786
0.0720620761574602	0.0339605308486172
0.782089775418957	0.683744154793858
1.1926676847212	0.891147030535999
-0.256390248634587	0.157178060015359
1.1928578983919	1.06339370813902
1.10105583394593	0.961090952520227
-0.101365778945136	0.0460254613235695
0.720515584567574	0.746466923977115
0.141069563276506	0.0684513508451414
0.819178637589296	0.627377838681805
0.522324853691492	0.280530963209588
0.389616669223703	0.203533050586003
-0.872771931443093	0.670820995478025
-0.296412410096653	0.18566462375574
-0.0272245571382273	0.0124479475154249
0.204279331075687	0.136023822103982
0.429752679163024	0.327357377793637
0.917047151215325	0.923224669481347
-0.263983513153798	0.132262245045465
0.207704596190387	0.121852893344495
0.655152525264745	0.618721787751156
0.582526872854053	0.418666996620202
1.09218840187227	0.95085079852771
-1.95272502003491	1.49943608995135
0.49429886704684	0.417455038472961
-1.2322275585057	0.624561676996421
0.478576261543339	0.333812588024879
0.299737870570722	0.257738039631591
-0.000503717178399471	0.00024250654935084
0.565030965254715	0.374742289125617
0.421638492882737	0.37207600915661
0.162325114304386	0.0795272401982552
-0.140330796564505	0.0719443502767687
0.207064938719827	0.113431573217115
0.828135869978006	0.626691686766174
0.0590547303616909	0.0350558137521153
1.1604062419193	1.25914777751287
0.329351050601459	0.267040476583552
0.415754741884981	0.21959049031786
-0.296680715854564	0.150358994852177
-0.108475866443816	0.0590574635501888
-0.136491168175746	0.0701543360945509
0.118146426679827	0.0669258794191259
1.00317919975986	0.653905127829442
0.40147542619912	0.203890567374259
0.0525266616436857	0.035030668765771
-0.722076823937763	0.428298677168002
-0.76160817124792	0.383003543285162
-0.651304518947448	0.370120439626507
0.0405764767489568	0.0225758198219797
-1.24026361519778	0.837519251183125
-0.484929039003261	0.351548918960129
-0.414889811816955	0.231501813850004
0.0750896241759706	0.0412847372059737
0.0690226492467904	0.0323939312884531
-0.660150457253397	0.439601567426153
0.300263739735176	0.19692338671908
-0.444375828534432	0.21810723997899
-0.512309821130032	0.305451002355222
0.02259538087087	0.00871481110288437
-1.59808439746387	0.987691285627587
-0.169931752245318	0.0803133089120486
-1.34899277936057	0.966592801472534
-0.104545329061743	0.0576107033045021
-0.237538900412159	0.129892700388089
-0.528081465012816	0.35559863397999
0.0763368152244527	0.0360440349906834
-0.646277267165242	0.419902719833491
-0.91676698395801	0.713425228266256
-0.449601025692676	0.282830142388726
-0.968919971839488	0.669647559810658
-2.6316467086465	1.78398411761412
0.435978250420154	0.182450424965957
0.738766719930976	0.454061546253864
-0.0461657881992443	0.0276314690673411
0.321809043629114	0.166049106106435
-0.653122194961852	0.431721839043452
-1.05387555620325	0.628546218146439
0.394163907918026	0.247075839703473
0.845752412087779	0.53691290612039
1.66411728002292	1.30400798406559
1.69118560180263	2.13114187247058
-0.175836121277557	0.0734136256047487
0.760014844743408	0.47925508887623
1.26687514066679	1.12654528328181
-1.16161513783579	0.74604052003088
-0.821399481109172	0.335703231729364
1.21383543547992	0.70493333810256
0.836641332431332	0.637592903856847
0.58871944673609	0.388869644685724
-0.254803498503111	0.141794260331136
-1.05392116303092	0.484679150599542
0.231899449416609	0.116003392347463
0.337513464383147	0.15334123373198
0.874136078762068	0.505677129502016
0.734846497358298	0.461651919688099
0.26912719014819	0.108927020221424
0.282978528679465	0.158064142816469
0.511773240556239	0.275597099193443
0.843856367343362	0.593243854934288
-1.88885381585467	0.894450762357286
-0.737227092804419	0.36348987097389
-1.53286757169364	0.622253835560008
1.80854709520419	1.85525828777501
-0.254773123826458	0.111978563514412
-0.809480725582551	0.333067831360275
1.81668227207327	0.887697639025272
0.374390105491943	0.214088176047814
0.117638449274899	0.0460918518872239
-0.265273706759902	0.134862196867308
2.17763240122089	2.27661884582352
1.7744558247564	2.36873465940422
1.51250075971245	1.26963993631048
0.291809627354429	0.202140130862232
-0.257994840242949	0.129469796914386
-0.416143726680517	0.231151235073302
-1.78272033930106	0.804765600124672
0.406813399906899	0.277716564093307
1.68679340823267	1.83398640268546
-0.540699009807977	0.194271843972214
-0.346239321961633	0.161933960681022
1.047308156918	0.974689017699131
-0.073622798318003	0.0289820349294188
0.71170133110546	0.569108321352727
0.143917640803155	0.0569224898470774
1.39202489044086	1.26009511972508
-1.05338069729664	0.627921992157634
0.139869485654802	0.0673722803463277
-0.00024808914707838	0.000107235783454947
0.826553239142512	0.682795368122186
0.351777725281663	0.260299882892212
0.872950831141285	0.71754156595374
-1.06810302866473	0.636860588176594
0.0111029421088378	0.00646843360633282
-1.12393032621288	1.00728061036745
0.528110306583506	0.471075386502346
-0.838758641890623	0.530740742386092
0.198806805061191	0.116377454374504
1.66562861528588	2.08426215689277
-0.75566207449594	0.375109835244367
0.290818926840767	0.232350807243907
1.00622325344076	0.985874432501431
0.665259625207778	0.486846585644043
0.422704804535644	0.289322250540005
-0.373367459234496	0.174285011372005
-1.45602080130456	0.828698062433244
0.555008851199119	0.33498942993232
-0.389402253353263	0.239411752272773
0.240912660340675	0.14437519198265
0.316060255569196	0.193355934969143
1.01113758578317	0.802895445987223
-0.135420742151474	0.0692500299784049
-0.479277700751413	0.278555567234431
0.818146215551723	0.717920274014841
1.78983132677849	2.38968807624983
1.44900489316173	1.4472394513599
-0.116535921751991	0.0770052666238585
-0.775661357822424	0.477548495293611
0.228972816500192	0.114013525435422
-0.0958611600583295	0.0648393341336531
-0.293171357890056	0.181195069547676
0.754860045738448	0.772306912819752
-1.20075013588449	0.426096938997827
-3.48363843853849	1.31308622362906
0.401992087177432	0.210184728631356
0.60640562318655	0.295062603472452
0.00711852493189927	0.00248196281101346
-0.0874061399991196	0.0341149472557664
0.464311620458016	0.384970662182881
0.299359241137989	0.206174222506853
0.645279093058425	0.472248210016112
-0.0243814295804194	0.0107176192259642
0.616924320957821	0.298150568064987
-0.262877639496571	0.160265392061418
-0.0941873341444305	0.0551945711632868
0.406353761379477	0.295150899001099
0.132814208657357	0.0710112229413399
-0.0994091447325562	0.0528153485827724
0.24510100168902	0.121755921186668
0.0499089982783971	0.0288931105270691
0.870557121661687	0.917045347537137
1.21046873127772	1.54266242676952
2.06613349428626	3.12605563830332
0.163741767007799	0.0866305431697114
0.804993039244239	0.665028297335024
0.481057100636928	0.359035435666469
1.1912275433933	1.04653438505704
0.0939236251302518	0.0622869997955019
-0.399308309354844	0.294073163537212
0.226153821410004	0.132173881171954
-0.92382364242978	0.989289927320679
0.0684195977909481	0.0378914114702525
-0.671705447561549	0.319011458937617
0.799326465493283	0.791346964575166
2.19295705359482	2.85537296184779
0.502112855368921	0.482566382105752
0.378486338456068	0.233717595852371
0.219128905400802	0.119807358712796
0.581331983368581	0.381169600454022
-0.646633291750562	0.421603417864257
0.501198991827083	0.374229475384461
0.369507618441456	0.265848225413658
-0.1509816198708	0.0969812662766181
0.333727802608698	0.206007392085431
0.216247798456173	0.106817445198878
0.658766284107365	0.516697611058129
1.57316224739265	1.71714521551956
0.74425717493119	0.418018973117601
0.0719474004804659	0.0393615652058648
0.547328133826498	0.5561637215317
0.595606123935857	0.393169008415921
0.556097755295769	0.481181819783444
0.0868718952746832	0.0407798701620027
0.460636844388894	0.271015840745137
-0.00608210271487024	0.00279030152697757
0.303875434659071	0.21238784036991
0.110683786688396	0.0631367807773053
0.148881237710782	0.0795511958405624
0.228696543348019	0.153823364197982
-0.0529944528207182	0.0309327319807129
-0.0230610352620598	0.0133607369674335
0.660241692886715	0.479768159590595
-0.89762107853644	0.593181096415848
-0.41011053366883	0.257180141629082
-0.591148724021115	0.316857083137052
0.420007998400899	0.306497766727863
-0.713106101011626	0.761525155589304
1.11117252707307	1.19777270701895
0.304791904063181	0.213098426964216
-0.502194938417705	0.359585305233702
1.11965561225729	1.20206944572531
-0.099186628441315	0.0447521773874565
-0.0285625661943606	0.0166887043700532
-1.2254064334862	0.814643353715562
-0.150707425360001	0.0843052683406386
-0.10208180467235	0.0750766409582581
-0.60085562702331	0.382929535563124
0.130377299548383	0.0619390424218064
0.0630513114424843	0.040989995965342
-0.0980367885325363	0.0576162897583561
0.348278809142715	0.259746019525442
-0.369305160922073	0.24664035799771
0.187703805245139	0.129739865390143
-0.841164884705368	0.536930108059363
0.314799570266589	0.218625679658515
0.331995453964261	0.269199467270522
0.078359202001082	0.0466338321982708
0.422251009314639	0.37399385117043
-0.0269002182943418	0.0116386274898862
-0.0812750210874366	0.0398662072940493
0.102370346002548	0.0578713951738949
0.126195505011887	0.066915320007625
0.362773447486612	0.168023669466785
-0.120423102344291	0.0427186144083377
-0.850540557377103	0.635484223186458
-1.02661987538246	0.470895310089179
0.24680202838278	0.147506361958156
0.540565923069162	0.434391446897602
0.557164395569752	0.398011735738432
-0.463390255160107	0.322662897942657
-2.32466406395374	1.31630534369296
0.243738294425595	0.110090820552008
0.269885028744504	0.148258799251543
-0.645047154512238	0.421910259370411
-1.14452252863204	0.713115745442818
-0.183183893826152	0.0881697633916882
-1.64119327462703	1.0420133474411
-0.981972282480567	0.687771266638456
0.946844692186979	0.676059358430071
0.146301072823513	0.0568686348096577
0.501561162602512	0.325588774041154
0.22401661677463	0.111678768040894
-1.1356522937336	0.704544418675382
-0.787010252529864	0.482570308201988
0.659886903922538	0.445674745901889
1.49144311474166	1.15163329270232
1.38738770865088	1.1345606257681
0.419452687376054	0.218727943086158
-0.482195737747462	0.205431984147935
0.129182263506532	0.0569898623712145
-0.225652333772101	0.131291669098572
0.279949619855304	0.113071000146474
0.228136615075557	0.144383355707061
-0.294071719080717	0.197630928783692
0.647752052544971	0.510907527343557
0.424343323722961	0.218464075174985
0.960279539493995	1.03684417088055
-0.165635658091524	0.0856728459141256
-0.493167815805316	0.285784373358607
2.13892137802374	1.70771411129473
1.44914574891917	1.64337462819244
0.680797468407481	0.574171094513948
-0.378302752350881	0.124488635321742
1.15196704592802	1.31472146266286
0.250294113203178	0.149950759197746
1.35444800276119	1.01954676444518
0.645991963095585	0.508754646572556
1.30915725877352	1.5507119526919
-0.164986266455017	0.0690414602230768
0.63298037157819	0.457578120361369
0.473467722066692	0.306217392685023
0.62087459991592	0.591553541714099
0.864020648971603	0.863407195728606
0.412335642443079	0.33424788376628
0.684798546910009	0.707108771073331
-0.313220195462403	0.226431247931572
0.539335987672766	0.409646152208158
0.857902828582638	0.936990427231175
0.481411805789353	0.459578339464393
0.472314323573933	0.302142634277961
-0.0797670687286971	0.0503853567423464
0.0896051979509278	0.0617946949023564
1.44851307543006	1.43354410730615
-0.240120706532449	0.19041008289232
0.924272383180077	1.04531399834465
0.47453098943707	0.304233528486987
0.59302099564937	0.460682143542926
-0.253524244120894	0.125640148264041
-0.322402913823657	0.170287628712012
-0.356629137083193	0.189315780883811
-0.707262922759094	0.537351598040363
-0.23821688434646	0.141176242521143
1.35937098931401	1.52940401762847
-0.608491842282129	0.387538762598138
1.54465199274225	2.42542276795337
0.419177725176523	0.35274433350715
0.462894829068411	0.360720508236363
-0.798028640957655	0.652844789042187
0.3440190172782	0.254436917662555
-0.142480912149076	0.0916052555883739
0.475105906630204	0.305596216565373
0.292952355203681	0.162049687008858
0.376828241698167	0.328262404695443
0.699729369735498	0.668612488100864
-0.488302108107898	0.28497535467545
0.610862010661052	0.29958436811058
-1.19049632979668	0.418691654368599
-1.17448590466035	0.752899171448202
-0.665914530473241	0.319444143321826
-0.156450537564754	0.0472169393873018
0.148647311498181	0.0579004242373919
0.603338424881542	0.595066668093344
1.34782313140382	2.09572253661755
0.497181129290503	0.34985623067616
0.472936129730522	0.394991143299667
-1.66716764343459	0.714836617722518
0.364589574221384	0.288892709790164
1.94977368515079	2.96725077211084
0.241393195502316	0.171576412927097
0.53026452945561	0.450212406256983
0.718225834361308	0.576371537539137
0.289803943588807	0.199823101830089
0.242395760662198	0.172267653332335
1.07640078300207	1.38233529107292
0.508053556496086	0.378830911067187
0.108740512423556	0.0616038362014269
-0.194398004812051	0.11304321693803
0.00188805620888852	0.00102734375264686
1.18255313726356	1.11015894135842
0.345398067925856	0.229243561992857
-0.0562940442156562	0.0354012334345068
-0.0963052471477317	0.0477289829919452
0.193287863753362	0.103847860333231
-0.948726117712611	0.938813859375798
0.548502534177398	0.469840899642903
0.646159978577175	0.475556508162129
-0.723037413212708	0.431890685875619
0.598130416373249	0.462013691975798
0.662672655121758	0.521593666816109
-0.289250543620664	0.164939396593507
-0.0122547906359101	0.00601363329718651
-0.0802243788361955	0.045406119390242
-0.257564006158034	0.169591004465621
0.156399568193196	0.107157218342733
-0.934089832144055	0.844512009139564
1.24098240406178	1.92370835084429
0.305829412242366	0.212273960361727
0.6158817656589	0.472475463080679
0.0879424459708257	0.0497373835892157
0.492086498380591	0.319301978020219
0.390193476117258	0.278533494137366
0.672533494557745	0.567489841227988
0.466496533844489	0.270854434029326
1.68913368423801	2.78571604879503
0.331043138039286	0.170272060817803
-0.048852097374197	0.0286492254937037
0.0478329747083062	0.0261736921417851
0.893907833245038	0.750812686701386
0.254854796050185	0.15231463304746
0.576538568310559	0.496507012886561
1.68141446187825	1.57753134591716
-0.956596611446519	0.762513095446712
0.155169916213635	0.0959226986559702
0.514290314063398	0.361728287389694
-0.775856968485332	0.480546634906935
1.50076398506093	2.10299945502025
0.036698913261745	0.0244140087015622
0.426508551242394	0.31221964709814
-0.224037333968063	0.122239800505395
0.00826639093286368	0.0042163133489696
-0.00116218505595229	0.000674177678535553
-0.154034414282269	0.093381276866683
-0.0825295387870409	0.0402026683373246
0.498567216830141	0.397622243712903
-0.135897864498717	0.0760649616604347
0.379345461085905	0.271538826290094
0.441654572335349	0.344149917538724
-0.354840058601631	0.184455820749067
0.160182895651881	0.0782214307998214
-0.164183944510926	0.0687879448472942
-0.690734182359588	0.57700718847811
0.133458168116957	0.0845562583570689
-0.0871914818758723	0.0427984169118618
0.416814881787386	0.322330639789141
-1.65391562596653	1.41590711353279
0.229226691939002	0.146502334530086
-0.652380936715788	0.482734350472523
0.0696057712756926	0.0329565735455678
-0.330285214875859	0.211883281173687
-0.395219827960255	0.289017264630762
-0.290285655939177	0.181607256885294
-0.911512844846267	0.608897873797946
-0.041866290690654	0.0289573730268378
-0.426601966696807	0.291014218865748
0.213779863087811	0.143469807093617
0.741604855821212	0.749193298744128
1.08131340183188	0.921996488984996
0.980008203953169	0.378067199708167
-0.0555569476095249	0.0238409119737992
0.0934157865220754	0.051771237689108
-0.0281925024383461	0.0123688940662594
-0.277715036385709	0.105908016955724
0.481793013019557	0.30878620538219
0.401083687491008	0.252412612595788
0.653144309952405	0.476649604609105
0.407723985215572	0.145674016044924
-0.338931635997007	0.157962500887948
-1.34529086713969	0.969429496684853
-0.21395460509629	0.115519137930428
0.937829994016044	0.478235870607245
-0.352263420234859	0.164721339864361
0.535846875623155	0.320616716231552
0.473308778150919	0.301309778879672
0.145351252540444	0.0639759307841637
-0.117883678011982	0.0417978373970676
-0.434732483206902	0.21347735488972
0.433914349927134	0.244503597207174
-0.0131196087510683	0.00637880432810418
-0.00732955824690657	0.00348674361399481
-0.932923030199379	0.627510452956183
0.0510470667495557	0.0216907824360992
1.21149574856678	1.15785074953424
-0.0616735995125866	0.0325247674849497
0.948224944463043	0.365780460615624
-0.392609806001245	0.157597584694455
0.513413613776831	0.382958621820888
0.85685887119006	0.547102734433222
-1.52461133650668	0.910448179134704
0.421652280141032	0.287959974909204
0.855509975242422	0.7512850268885
-0.464170877324515	0.268635808242375
0.410170235501514	0.278939771957384
0.2003197934124	0.126207383389663
0.359547542395188	0.203120341581024
0.355247199293332	0.164385527132614
0.568642750728424	0.376071791439648
-0.359784154564967	0.216543653859437
1.17456470095292	0.855977936245285
0.718112754030294	0.527997777213782
-0.258085887709083	0.129386366300949
0.153731736068745	0.0677817063209633
1.4503064506712	1.65597620342832
-0.388534104318309	0.214658107614003
1.45340603116946	1.01628896941827
-0.280521224943353	0.15696017596921
0.707997279227781	0.606044587844747
-0.0845933880404493	0.0449130296894957
0.535864797145131	0.457931508833786
0.0608773382095358	0.0412617276642355
0.817474167566775	0.918323414960799
0.0457143336470074	0.026439057883689
0.663418489866155	0.655383491105573
0.88854370229702	0.951573200849045
0.292277092771232	0.202131455123919
0.00149902928195661	0.00145574442673145
0.118650208402762	0.0677482981878327
0.10340182891769	0.0658554357004642
-1.53524831950617	0.921350056338999
1.16046081437292	1.59511997729352
0.637893350241307	0.453808649527572
-2.09584613407225	1.73525566214377
0.229300950675715	0.154605885185106
-0.655069980137018	0.37095962919927
0.448412371815617	0.309092312717163
0.808003046115135	0.555546325903635
0.554023117477741	0.366714757265126
0.91048301802308	0.88038754392212
-0.405590952511563	0.24861320218539
-0.104134996254141	0.0472217971442929
-0.00429073699081553	0.00238177635171376
-0.00154623941727493	0.000741201524221762
-1.09045936649958	0.81213293617882
-1.02195532569033	0.746113558962726
0.382264561874129	0.21907695287363
0.439374996996245	0.321037897299659
-0.456100607930342	0.255524570629468
1.02094646186981	1.06858419178402
0.547720786899105	0.490681364004508
-0.521559664349991	0.386435948597145
0.809414969124739	0.799848112944904
0.795492892515009	0.354206079083806
-0.824045561362322	0.338233677688475
0.240459129082096	0.143772198177896
-0.2663478530758	0.118156879729673
-1.38163405947114	0.523099094818133
-0.911378892840822	0.502037771904294
0.0726778610652549	0.0401096731658485
-0.436125594604163	0.32884873327542
0.0690603555685899	0.0381138539765237
0.353124056040711	0.233922411034795
1.6492976203501	1.28908373345796
0.401893148727339	0.251335388973254
0.275998468240851	0.190423338863468
0.458491957559826	0.263761599776081
0.559190629010387	0.359651727276812
0.746701392587429	0.856931754547101
0.419720477887484	0.239435261775375
-0.951834703758083	0.659786422141249
0.714947036001465	0.569600543921993
0.897006034772514	0.747744265713388
0.125042812646603	0.0749728360414461
0.0670798640070431	0.0347423687199848
0.53556574453344	0.45647531250166
1.06057590919198	1.19086659496216
-0.125466780445277	0.0697794868305166
1.57835293838799	2.07435514167305
0.386678690818556	0.324420944998977
0.74599533886484	0.682544475779386
0.962616216922902	1.25558693551122
0.397311314159939	0.334131373496527
0.976066206778471	0.636903556128803
0.834526643950849	0.688852587683175
0.556851852560845	0.456342852356918
-0.21974994845095	0.140576216843225
1.6945044060867	2.24948530803705
0.0126942400569423	0.00748930231715468
0.972177051835525	0.949381976371888
-0.502445110791314	0.335436476650493
0.07284256732237	0.0475719707663076
0.107317603034401	0.0654638642010986
0.285428133703627	0.196416096235113
0.445185766117608	0.26073604776481
0.0458296413671369	0.0282693522165669
0.776643747236062	0.719470246366242
0.343683500409922	0.210961919190167
0.489625921545693	0.363090252854389
1.26358125691549	1.78442316872171
0.294300951675961	0.165431677164315
0.92962009987419	0.944788392345935
0.406701628749336	0.256669322728019
0.361778635604495	0.206238881960044
0.139330920688431	0.0739469490004174
1.12365919667247	1.34638454046111
-0.376708733457941	0.2476482691923
-0.13555931427279	0.0865800567577366
0.531210313644316	0.286857659321288
-0.644418337001063	0.364711552419778
1.00830342489923	1.0633476347464
0.045858238786323	0.0196779975079462
0.394269448852903	0.381645730112043
0.803975223130532	0.937126869120619
0.279466465154296	0.193054351487251
0.175502498009951	0.100809794586027
-2.45621942616905	1.50958443695626
0.0724244003686716	0.0344432209209271
0.862301943904125	0.775653430943075
0.947707854632748	0.865907398545648
0.419411959291938	0.287381411553988
0.934606079948051	1.14267153303742
0.695437428760487	0.649855318225476
-0.146298121342077	0.0941482921611547
-0.0153127713794635	0.00826814167931945
-0.947663384427	0.855251429202434
0.375591202646094	0.215135678213903
1.30387505876977	1.16292618731511
-0.230590020179437	0.166874835744765
0.0665405260749379	0.0283584206972194
0.491186504389248	0.36785955005565
0.374913290257868	0.285640029654872
0.136413615257701	0.088315595407144
-0.522157332458411	0.315897941409618
-1.05441875657749	0.627268864363248
0.858016103525827	0.546191059358679
-0.612424949714217	0.485511159759908
-0.923759766728053	0.509425865718446
-0.752444753669504	0.659335966301108
-0.503324746198805	0.25862608860922
-0.05896093011215	0.0250516538256075
0.622575448598713	0.549824248788216
0.180417923156578	0.105262164333201
0.196805174005123	0.130692629880362
-0.432213340392933	0.267342754267651
-0.122506641417829	0.0555761617142201
-2.06342639371771	1.65546536461584
0.414205420238403	0.408520947188984
0.00829236475597105	0.00484027892919128
0.0463758600831069	0.0242361654394923
-0.212021767971766	0.115737255136524
0.156860198498429	0.0767865207085048
-0.325308936286776	0.170988460224833
-0.661710123098847	0.315171861685512
-0.924765271371997	0.401454483171343
0.303375709205352	0.170209183163591
0.360250106482658	0.166543243254269
0.478832871529179	0.306237370972551
0.946725224554495	0.860384631799977
0.214038431895136	0.134721141164741
0.203000383271299	0.0990921025865667
0.39339962013889	0.204836020750448
-0.216887132014415	0.104709960529563
0.370273297132745	0.262830261326142
1.11908480641458	0.730159351291297
-3.79899453629936	1.54329699615746
1.04699184061804	0.617308927166873
0.0493418531531199	0.0212396296014913
-0.583387933691328	0.363207200534124
-0.353824998089687	0.166213695213279
-1.13270915918633	0.542280342497227
-0.106087144649516	0.0483284869389253
-0.936325679681068	0.409066011199483
-0.0835472800345076	0.0443225298342512
-0.393505229055467	0.21626333179985
-0.608919836802167	0.384530203098659
0.152005598391332	0.0667709025139165
1.36310993347202	1.13160514610911
0.427859632464137	0.247571878412717
-1.22420281287078	0.619937938675131
-0.920115415039971	0.399294062944226
0.886756548787486	0.741472679673286
-0.738771015194118	0.364495813031916
-0.849836836449455	0.550634351833252
-0.0389409107835943	0.0164811792901431
0.342579259904744	0.227661402329461
1.57863463035122	1.94981711503537
0.629937171222595	0.385229445400213
1.07616197850267	0.791650487184326
0.754660744323915	0.38210269146657
0.0404737216286634	0.0151437019546157
0.707521114968096	0.60846862859524
0.735777700136009	0.548300349672963
0.444848099744585	0.181533169235168
-0.407051984099173	0.274817570705476
-0.234980877143633	0.152019987218416
0.282415188730545	0.155673680253033
0.415354495874194	0.21784818407164
0.41233274649713	0.2801275541545
-0.909100570320327	0.498596733891868
0.452486207923394	0.262996627263547
-0.0583386007035936	0.0305522701982349
-0.352380704386034	0.230850607909354
0.605144321919976	0.494523476637709
1.05863762356709	1.46511700176742
-0.0515914374361458	0.0355209252061571
-0.721932998878442	0.498515670062711
-0.794786521313061	0.574967714034245
0.214907481666994	0.116398651361592
1.19336406442559	1.28215212579798
-0.0285954092032349	0.0154393970527397
0.357413858400046	0.277333248994746
-0.017661878843397	0.0104270139251032
0.74163939323588	0.809580904171263
-0.0134077823339307	0.00798494153460442
0.392658588784719	0.300191513818304
0.84980965765124	0.651643279617716
-0.0836220813249883	0.0414675431485822
-0.208191947561006	0.131193167894909
0.151371219004658	0.0805418970171397
-0.19342297701585	0.0930645551598689
-0.556499673970626	0.419368541526897
0.138949288026184	0.0738967382443331
0.342825800674315	0.21177005861477
0.923295760177012	0.890408770497972
0.00613122957064307	0.00253702717098035
0.865535890510428	0.773048637016068
0.0593792944134226	0.0282576648927667
-0.722961784452799	0.565447580494163
0.477539411949969	0.326480875326388
0.471413392861199	0.391276105993215
-0.211842882715389	0.114491178385678
0.298479924936896	0.219043185576282
-0.0179166026721857	0.0106105878893385
0.0992240126591715	0.0561572755905318
0.838298981774569	0.83150706664838
0.101819360401916	0.0286033124760691
-0.537797959087759	0.19006434526211
-0.133505274356646	0.0614055981910025
0.347569573200439	0.162736760739407
0.769160488259965	0.386153802491188
0.293572857677662	0.117683037738525
-0.912221817189548	0.803413143739989
-0.474713928483982	0.311142563549988
0.0590864745024801	0.0305651540330582
0.539441009152666	0.319532813454825
-2.0802266187548	1.07587982721784
0.00386881404376955	0.00153856378583676
-0.385755156480922	0.258143310017675
0.281393174764847	0.156688310248281
1.07733031055064	0.94244674100837
-0.0105849430673962	0.00515974655132515
0.645002621262242	0.507678991217149
0.49008140166482	0.318592932653784
0.472551910456839	0.225064938149553
0.175735172560759	0.121133251485608
0.180600007138732	0.111560075517427
0.402784255804499	0.253534263094
-0.224724073961881	0.145163095193954
0.409722171972348	0.276771003724347
-0.53640808782304	0.434358960250492
0.433299040890194	0.402457099508391
1.36165414914107	1.98617059664076
0.0349747765304036	0.0202910730830212
0.182339489811692	0.145545517747155
-1.03904581409542	0.741139864033112
0.316747673756885	0.162810545284498
-0.342064704641467	0.181531170892162
-1.00352311579877	0.698860452277871
0.292414427922631	0.199737329633229
-0.0529193419330482	0.0276320947738455
0.0389800685761385	0.0200184989126961
0.394985177302189	0.332490759744378
-0.137739531935202	0.0772385099398563
0.658058421921308	0.610980994197292
0.247026838470127	0.192758045356637
0.721421626544018	0.75577816676304
0.372974849294332	0.250019535489891
-0.231022843032425	0.137128984703156
0.029783320872941	0.0172612910997731
1.02672854222233	0.960262019245354
0.351746680962835	0.234547097296315
0.34529243159187	0.26935865658862
0.198597619990854	0.116649377198877
0.878394799989384	0.977587754399617
-0.048679655351666	0.027455343557976
1.30250285137473	1.44174811884852
1.13406949001117	1.07835908960581
-2.62072707028704	1.76917055702115
-0.396977226446986	0.247891871363432
-0.198399053818295	0.11552495474594
0.636149433190044	0.618342768509169
0.807474278274676	0.664971895645678
-0.382716622526369	0.232687096389825
-0.220926244803334	0.119435424788161
-0.204597334617074	0.0984757280213106
-0.119552516450717	0.053961409212382
1.34079565106049	1.49523324535125
0.930204460715768	0.727916807314326
-2.3190303492455	2.16344343159339
0.436211379909779	0.229079628696353
0.396746236687514	0.248159264419785
-0.063560614566527	0.0252218860824044
-0.354194603270177	0.232293972116756
-0.0993826076002014	0.0525183553197075
-0.910755161914564	0.606565166706333
0.255611115103033	0.152862749938875
0.807647686116055	0.663791776436223
-0.456650527542282	0.289724556784571
-0.636370831960081	0.463192797403326
-0.545640402678094	0.336589026357658
-0.0117082691819327	0.00537029435674169
-0.040300513694679	0.0218525773505506
0.58696346279684	0.505040815405488
-1.22903903645137	0.817683522831707
-0.0557254433828875	0.0294399164993875
-0.823862556848978	0.428823640028509
-0.651966465983156	0.365862739361913
-1.64069028045924	1.03041150247042
-1.06951764881745	0.800312303523172
-0.587783359571817	0.317632672205842
-0.911943538398363	0.712173470854282
-0.0737124785171086	0.0391525680607867
1.53820676656038	1.40935805016868
-0.911754246485666	0.490436109307864
0.795925492021491	0.70001976049643
-0.429417624818491	0.209565114433348
0.254595921412661	0.114507665943422
0.147563097386259	0.0833056492886428
0.0741173942767064	0.0351608936947848
-0.0473812751773615	0.0269797829813456
-0.171168184467186	0.0718398203910876
-0.504241748291359	0.212555504921217
-0.680950782010689	0.327768667720443
0.082347908305686	0.0387699804697123
-4.16501690590764	1.88100981526199
0.592696977102219	0.254440573622451
1.30662141868413	1.16743144818981
-0.0790254216460426	0.0386965688379259
0.251919649910268	0.150709576950828
-1.05181453292722	0.622336782993355
0.477106038981255	0.229738700430328
-0.566405681473344	0.303721357010905
-0.375727180805466	0.148986066654286
0.39362293052437	0.203835964985312
-0.346672261714561	0.207716951528901
1.18070961495394	1.05397565811819
0.802893581187407	0.357240618985244
-1.88820968144845	0.892075879823237
-1.30476358620363	0.69475223143717
0.185357580237692	0.0634805914742011
-0.262340453582187	0.115624965234889
0.211777531085092	0.113191278806624
0.826643306087063	0.623298921190519
0.421193632429266	0.174234998028682
0.132521037127589	0.0517758790856702
0.605941140722187	0.299133394097175
0.654414984179403	0.244915499928883
-0.1503489631756	0.0452834154867178
0.224642389300118	0.123041046334905
0.749636580596084	0.423597750031103
1.22664044701242	0.989811533955693
-0.713218065117939	0.421267771184512
0.0167407876096245	0.00721780149180627
0.395598802431642	0.249401170403597
-0.342507950527753	0.181103370546708
0.221951636762444	0.121485304857764
-0.668529210356553	0.318853209601749
-1.14151003134977	0.553773897681481
0.135662266296827	0.0658591560541326
-0.693953301165415	0.333468873230121
-1.38078638592825	0.762587852670186
0.756448842616315	0.474618518441427
0.991965160017315	1.08587064741983
1.18000362644545	0.868257240543551
-1.65763585555439	1.06465951393537
0.835374174030047	0.626287474848635
-2.08415199930478	1.06512792019044
1.14802522955546	0.925712425347363
-0.643186609029096	0.414663340321649
0.347494862240991	0.272176830227559
-0.335801601126752	0.176920770629996
0.924580515267487	1.08342074430771
0.347564031415522	0.228800623924006
-1.68589295813379	1.49395893060626
0.834974307061225	0.639156768188771
0.0524073884332935	0.0272483462026783
-0.475359412421724	0.307714829787006
0.326872864193967	0.197202053582317
0.470287016090915	0.275489633352468
-0.111551110347475	0.0613582149403933
0.517417178023246	0.276439156788452
0.853554231894183	0.80816951029079
0.882075319218373	0.790424894982971
0.350012031420316	0.288152773049963
-0.42254894604958	0.264910971038575
2.39722943013673	2.53302105264229
-0.201527347107546	0.096548552634605
0.638532422566094	0.393146601278146
1.1640075974088	1.00677862380535
-0.046727209232976	0.0199693884160295
0.243769023135299	0.119844748490414
0.274268688705032	0.149241868213107
1.05757654699292	1.19191419144278
0.441610899310549	0.300790344220225
-0.287565887354649	0.163682244567693
0.244683124282601	0.121768777714495
0.117334182413565	0.0664196480234483
-0.520023610163398	0.30527596156517
-0.169018373478248	0.0699757341958395
1.12918717462952	1.14072134090906
-0.331287349902064	0.195455739425043
0.575476731158365	0.47402098220584
0.454895598692161	0.266568224088764
1.07048246052323	0.493829791438961
0.172501455835465	0.0589759059855826
-0.971565966039063	0.55606527989983
0.937707118508211	0.47816492017444
-0.689248729245479	0.263590261259339
-0.128640763823971	0.046016949998418
1.07261861166684	0.934917917467458
0.960991690047533	0.819768801262315
0.471345238603148	0.326466179886947
1.00073231534901	0.774401639196554
-2.16046320846113	1.14290866962294
-1.12646050796699	0.693282437103911
0.988128656136116	0.958315835079549
-0.59138684836849	0.371358533036121
0.21535555917712	0.118306376267583
-0.65238743047511	0.433359926580698
0.15088992758429	0.0800771545445353
-0.333630631866631	0.151620209587141
0.219257027673259	0.154372929325115
0.330975362480711	0.203849679442601
0.0734922901390987	0.0437548121757773
0.129315460205893	0.0902987122344527
0.393241009741927	0.283532636865871
0.222016592358223	0.121736054728964
-1.00696167304167	0.709128564417482
-1.76884597767261	1.21685263001911
1.2273131188263	0.746557969343758
-0.571646506620646	0.349486830458972
-0.215973412062684	0.11684994758602
0.195680346713305	0.129092508519819
0.139691318674063	0.068348457546666
0.373918763543836	0.211392806942464
-1.02697371525211	0.604159453136297
0.220115558259015	0.120830457243885
-0.20423372745629	0.128877371744778
0.0993999354495739	0.0624257214706008
0.584061615845934	0.503451447172458
0.565458483518031	0.477359244143241
1.06658711093303	0.778521785553794
0.824744742356569	0.575807881636466
1.15766506330175	1.16900958227643
1.06186017593195	0.986547123005225
0.808381599389472	0.606190394668121
-0.207404177259762	0.112612207023383
-0.347674685631422	0.205398459488542
0.437745307095854	0.321023184172389
1.17035488614161	1.27242432815254
0.421295240033883	0.218875070357361
0.7453833736654	0.375815319109694
0.532897047601733	0.316852025155076
0.576211962433599	0.345084612720401
0.244986944127186	0.111598807712782
0.72501570857311	0.450376529072264
0.641484695343992	0.471881675258073
0.73324235066809	0.457170628820089
-0.193929631621748	0.0804331566391809
-0.93862160982121	0.411829037104447
-0.285264262796568	0.126786711167907
-0.901216485691897	0.489244929644472
-0.267988980321641	0.101311566757647
0.275548170921046	0.109812848298943
-1.23280305987369	0.613096205507332
0.813647317387328	0.360343683260154
0.598683549729227	0.292127832066624
0.352069195255223	0.163846656308989
-0.0542919068373172	0.0229575188219281
-0.178896471893558	0.0849756492521532
-0.748280781619815	0.372761244128405
0.0603290812403249	0.0258708087328872
0.227013502011271	0.113267723205156
-1.44667496388527	0.82325590016357
-1.20850427896035	0.609070786514908
-1.04902319277621	0.617466298765182
0.75683796049066	0.477777789717447
1.14968687295177	0.607096295971682
-0.757136475811133	0.367115778625561
0.289098244991386	0.161902794426168
-0.578831166752103	0.261343187353531
-1.18889236971312	0.966817563603466
0.76183731015196	0.386616518123002
0.0606530918931292	0.0309954503246572
-0.810876956236198	0.33185563723916
-2.07732351832243	1.07188598260767
-0.590692377657259	0.266795665809358
-0.759548507812408	0.38411738248816
-0.931753220502911	0.406315297194191
-2.06403315332526	1.0459906849404
0.0161989125986072	0.00551247559839526
-0.826569658806235	0.33832331539911
-0.365602490713372	0.146927223069164
0.418180226936603	0.219511244481215
-1.94733943808437	1.47966636666923
0.154330283357403	0.0602603279869159
-0.275349566503423	0.1392095086666
-2.43705833645058	1.48709710723448
-1.23425684149223	0.816684435059403
-0.79870625822396	0.492633660818046
-0.839949395107991	0.443022752080234
0.0743057053426336	0.0353186034778437
-0.991333736332916	0.565572138958758
0.143234403001058	0.0562169349439566
0.0456201085036141	0.0196312750059304
-0.203796408545939	0.0970591137123126
-0.983765683400978	0.31819794630222
-1.11661546546827	0.534675656457743
0.225304792078682	0.123354071268954
0.605026788908386	0.297828074258566
-0.504097221927446	0.217006377178685
0.410685924216556	0.316047612008057
-0.164348231031631	0.056246984540055
0.286664840113745	0.161218181943126
1.46198309613719	1.01912378173129
-0.682777987372276	0.259657046304815
-0.286925886921604	0.127688122283571
0.15159569457591	0.0670750025237175
-0.169747825408755	0.0704833686765849
0.035814054207404	0.0153553601348162
1.87618651716464	1.49949224397199
-0.668854305378952	0.321147522514389
-0.121146941164969	0.0427898705359526
-0.178361148758018	0.0752826370886308
0.0199506396335769	0.00641075757359845
-0.264423839699131	0.100726019487738
-0.354826299953366	0.115992886124234
0.0195370740006107	0.00446173862258107
1.89415802257788	1.50798884940029
-0.115795925295359	0.052444262052521
0.413136325836497	0.215160697920791
0.194387568448725	0.0661128142402964
0.374798793999639	0.215285514138757
-1.17865142671597	0.766443488108265
-0.141485041801479	0.0643740542276047
-0.0774004598514853	0.0306664392893904
-4.04503962869597	1.76954862475255
0.197746400830469	0.0677691035603873
0.375593961381551	0.213951307318807
0.357861476145733	0.165429403941605
0.163957083630417	0.0635753648860508
-0.594766652883844	0.26751568627757
0.33996880404724	0.174618775015002
-0.502329305204204	0.216768361325036
-0.511484439517855	0.264534125765659
-0.0773042797092637	0.029816979315612
0.390843839991672	0.140717056082628
-0.393852055915665	0.217016351519823
0.331171499226544	0.169083525901032
-1.59081502517564	0.985151879269951
0.282236884529888	0.157884051245856
-0.123703998952852	0.0556349806166024
-4.59532238916225	2.34087827658957
-1.46331826774319	0.836667349658203
-0.589301887161668	0.375388020302668
0.922776892551245	0.8892424477077
0.715822008680107	0.574877835579067
-0.0748814409174331	0.0367721005611221
0.607753066145852	0.500277580749783
0.0433443548957775	0.018702185372302
0.797562804894646	0.906907760934076
0.0527295394686223	0.0246660002426298
-0.580556260154495	0.357590450074448
-0.523042454540733	0.271871526063692
-0.279158916548566	0.125179727716748
-0.501487244013044	0.258720761167412
-0.827984224819206	0.33582237568316
-1.97608677597745	0.973302077745331
-0.355056038722519	0.16685779988564
-1.37698285615055	0.525424269795761
-0.268510076730191	0.0993492167855731
0.651104008667093	0.437233613332465
-0.270509947375525	0.135979492171309
1.41921165309546	1.27454492642837
0.968239469346237	0.690408121065679
0.340428711200139	0.157064326619159
-2.24361813069184	1.24780869259788
0.130060858218108	0.0571691320757648
-0.599917119950196	0.273970178550169
-0.9386961617125	0.642566254405506
0.509397107596063	0.329808934839247
-0.0292223882414791	0.0133466625121558
-1.3954681308643	0.527525756723433
-0.991135139028566	0.322466330842276
-0.763262902043832	0.382699900184205
-0.281914825088257	0.106075632903193
0.463667751187824	0.219203866452718
-0.110526908554328	0.0503023284237338
1.1895422837867	0.886665310640128
1.13524943661534	0.921964277913876
0.553837619910211	0.331008228533537
0.741212231888053	0.413515045008002
1.45516947034819	0.9982098429798
0.291662793058127	0.163276525699162
0.0285349092952709	0.0148370186574411
-0.329228663331946	0.193569498424451
0.543685150349353	0.325103332530937
0.515104159960725	0.277475422177733
-0.500511680782555	0.215906140249302
-0.288839550881154	0.175433981091705
-0.289235758697862	0.127523686116751
-0.313363635519005	0.16349096317313
-0.801765899887847	0.502798939641042
0.629997748593732	0.458206000727346
-1.03790112572549	0.478996916856491
-0.50931466317906	0.263231010283434
-2.31960015733823	1.30639999081532
0.438865621988364	0.302088286457731
-2.16014562674348	1.15524442330774
0.870343954307419	0.554889420003057
1.06778844055474	0.779264183907996
0.406010436578256	0.255540773220019
0.423116523630521	0.265248235903182
1.07210480361471	0.930708309303034
-0.0766305467490676	0.0403160732554218
0.0633278863491254	0.0326309555991076
0.0642649487390736	0.0272426549754607
-0.445850584578188	0.281006381191836
-0.506390234528653	0.262125698970989
0.000778729494631694	0.00023401290561147
-0.988755946681573	0.572291587162824
-0.096770775268585	0.0563091103364776
-0.329431791028765	0.151532218449681
0.301011429023795	0.152723872072678
-0.175069337237798	0.0737151964889902
-0.269037158793992	0.135306155846974
1.06356999586425	0.771766087717198
-2.08829809336675	1.07532959331654
1.15419061960568	0.619262893336141
0.25114637764043	0.113330526494831
0.055399212052059	0.0233680659055902
0.232008186181832	0.104492362644573
-3.04956804331277	1.01394299706224
0.0571961873118895	0.0242345125011655
-0.269956460051256	0.102983329848862
0.147921970510976	0.0647102825983313
-0.480604851891754	0.20545839309251
0.988238939183762	0.644982060645759
0.751027137892712	0.424491786740806
-1.29985628634695	0.678876195228217
-0.838632006643591	0.438683717031969
-0.858242094775393	0.455650470458734
-5.00049647524159	3.01000403248189
-0.37207112606578	0.150098867658852
-0.675811657836617	0.258996926992445
0.47891113333009	0.228857086735233
-0.442743128200461	0.218083128958277
-0.511128411247857	0.262734093750333
0.139143300684429	0.061423728708096
-1.23810186348676	0.827652762796503
-0.367246289904954	0.120768894245957
0.158453058469672	0.0699114371683827
0.246822978806966	0.112178258925932
-0.276340202403194	0.122835836826548
-1.79878570658297	0.817258078981249
-0.368174731496125	0.145826316631663
0.213808084022388	0.125661444805853
-0.914679892836365	0.505805557065864
-1.21665015034392	0.612956526408019
-0.346364087157614	0.158277474765552
-0.673752904347186	0.317136382764114
0.0470733943016201	0.0173759621955924
0.913771515555979	0.469326609078736
0.343593243567678	0.212673616198732
-0.773641153953617	0.389673167035922
-2.26061393044663	1.24363424038521
-0.398222278327399	0.248389644115216
-1.14582157232407	0.554474854148449
0.0089240670327036	0.00378658118872112
0.0228710575109946	0.00864668531543971
-0.0125863216519752	0.00575365953175297
0.0408405412129416	0.017438100624029
-0.342451073048944	0.160947488793694
-1.23573882740322	0.824080513847422
0.163144995552457	0.0638185727969083
-0.84849078718955	0.442053064497406
-0.502017812891875	0.259007082752399
-0.00325110383437364	0.00185367806409653
0.0288547733445376	0.0107972130758243
0.00280358962909948	0.00107978213689775
-1.06720414939734	0.643231759984209
-1.37605833174946	0.756016876873897
-0.120070821664637	0.0550613661322758
-0.927564304236236	0.404213874087277
-1.67332627663979	0.718312152649601
0.153723183302469	0.0594459822760616
0.256929901714817	0.11528492354178
-1.47109585859899	0.839209934278903
-0.358885308752059	0.117734978491696
-0.116065735195351	0.0524432128107163
-0.792095096889933	0.489876592066382
-0.823751496382678	0.432964273554972
-0.438638846931414	0.21333293310037
-1.77971144487209	0.799880137204216
-0.290726496464101	0.128909387579628
-0.138284328456312	0.0485926984803123
-0.288603388390729	0.126508926031218
0.652267165755538	0.242404454119448
-0.147406202956845	0.0442064841372241
0.394250397052751	0.140176941007125
-0.059951037948286	0.0237691268202187
0.156794290417951	0.0609502269140805
-0.273040536460298	0.121855643987543
-0.00655852398433541	0.00341936937244616
0.384349222348872	0.220736154682076
0.162225793272323	0.0784079499752624
0.978784046003389	0.693412987844513
0.184466571009097	0.0639861192459984
0.0880337419806995	0.041227372863674
-1.89507941260576	0.890480586990271
0.596222739272643	0.258128266382671
-1.31095541179703	0.687821970814384
-0.569809203370572	0.308890927657317
0.236081556385849	0.106892248252221
1.02221157930736	0.79634820387616
-0.444605800342381	0.253936745309615
-0.496980980182252	0.215422365492005
0.280870234820305	0.113703278358991
-0.84489503230517	0.444419493170179
-4.6888151866827	2.50188622661083
-0.343049174475239	0.159498077004036
-0.345585034352463	0.18224782391895
-0.262029400895119	0.116120055992422
0.633926267067244	0.351747298232706
0.244438562226512	0.120371944462028
0.289277440463029	0.161450554418372
0.536827825366649	0.289529741942415
-0.175868259801002	0.0722019605755875
0.324375022165432	0.180516582453063
-0.0725214300896321	0.0287510003955247
0.15725793190253	0.0688096088345557
-3.64520128299949	1.43661835601498
-1.30963105601795	0.69139508510774
-2.06585522430302	1.05457206841078
-2.67163352375756	1.84738057583212
-2.0866760597931	1.06808933079727
-0.743821230205547	0.369230318026644
1.43053632698012	0.876737952481107
-0.167445301295503	0.0697899116076064
0.023751103000827	0.0092051000116454
-0.143356146636947	0.0504217087356316
0.152844553639598	0.0598093621951866
-1.38798429021774	0.771201152554387
-1.3829656366084	0.766046979970979
0.647825301783093	0.240179089902292
-0.761623232570557	0.460659122173977
-0.0387656049633495	0.0166205831050075
0.191974422463172	0.111036064709205
-0.924220657717361	0.40162762558001
-0.741659690938462	0.217157951569789
0.288329253782109	0.158303289437147
0.150199133430214	0.0586517218431974
2.78271808192099	1.6122647684191
1.40557943908537	0.756300908213052
-0.259431083562149	0.14143401240208
0.750568623552704	0.601599956204644
1.04636503558413	0.953398205174159
-0.659625788088705	0.313815566575945
0.0815121918971274	0.0236780133759501
-0.636097632154771	0.412004264038751
1.68665312038524	1.5702921525589
-0.145810600788282	0.0740936847015019
0.154894491074728	0.059939799289281
-0.360309180503317	0.192486964701582
-0.0345520518336369	0.0148301748613147
-0.60048260491356	0.273891532524895
-1.12194097310376	0.702851147464171
-0.377816690387789	0.150358642051049
-0.084313728546432	0.0416466234046217
-0.125168287631884	0.0574046444983194
-0.33832005884761	0.180485066866293
-0.89741189218851	0.491910067638475
-0.277336500315764	0.138920125754133
-0.246954065433128	0.107294937785862
-0.0292109995328459	0.0127337650397087
-0.259358731171873	0.113367382171223
-0.461280310934904	0.300494315891584
-0.354165017779649	0.166553449272228
-0.248335499346337	0.123149295217004
-1.11152487294632	0.690976220492375
-0.785254676124235	0.485975630923952
-0.267428579406551	0.10102517158516
0.527911114179559	0.307136473726978
-0.587383958172751	0.266189853626467
-0.474752400320907	0.202246699370045
-0.338956251038181	0.180210296376634
-0.871460639970223	0.552277237611785
0.398179696126567	0.249677099153426
-0.491849343121319	0.280591100747703
-0.109246444578693	0.0493334871562754
0.484274749153304	0.33710863792057
-0.0616680240673143	0.0304499335853209
-1.11103000195863	0.682857630175219
0.155898509148392	0.0605137082641029
0.452776645781421	0.212487939585435
0.657307216082206	0.473146286737909
-0.14260339949351	0.0506501212002105
0.336387282317113	0.15521806752976
-1.13155492202873	0.549101709810504
1.5245977205739	1.2681837291891
0.734389779506927	0.497051154594916
0.6684070297246	0.452120257697503
0.0499621867277813	0.0239511238090998
-0.130695913669202	0.0669308888755098
1.30925377744248	1.78193813137844
0.15349739619197	0.067184986416219
-0.0844983142691145	0.0417126025428961
0.590303888231099	0.287625256969464
-0.274515618301222	0.122159261283552
0.324669321352956	0.199139723876012
0.557906715586646	0.336129490775799
0.993748003039503	0.849459744498668
0.144435613247861	0.0705049859593581
-0.345735834784977	0.161947176176223
-0.130514212793836	0.0595709982177366
0.754961186727763	0.521997667424042
-0.907317277076854	0.499986141247019
0.11513408945456	0.0651665020956286
0.419374497455119	0.266245062227826
-0.711545827043785	0.54966598259055
-1.30467410520729	0.683905364385118
-1.25707648069293	0.822501303091126
-1.11133015150729	0.676693253520562
0.254027922670862	0.151042529636537
-0.235219278319551	0.151349233478108
0.0577213532152354	0.0244899897497236
-1.23185240888464	0.819960104269152
-1.22192801243951	0.797600745303929
1.01770322014151	0.920365104243691
-1.25027808185806	1.03878115450062
-1.1567672646584	0.897501761083861
0.326546899155642	0.167097470041111
0.400019350971336	0.229105899786822
0.361385634100463	0.24141318690127
-0.517031957107617	0.311261300710724
-0.0761675419501599	0.0374687919824938
0.288742858251939	0.230626483297589
-0.789866188372298	0.571545479976949
-0.676287408734064	0.379341504900286
-0.555127190393532	0.375117956787651
-0.0259517786129313	0.0151323685545529
-0.529320699736149	0.427718441249785
-0.992629402942145	0.922721580137794
-0.376940543174703	0.308169373836412
0.144177189716054	0.0764646302019867
-0.726773736651845	0.42738708069883
-0.580035278283973	0.362266841889865
0.175165633979337	0.0844113366764477
-2.16646942439901	1.1604466744411
0.124542969488997	0.0607607264067398
-1.86314005910788	1.34135677658067
-0.989276972009569	0.564810386753966
-0.679094922775957	0.32243070548697
0.429970414999004	0.179349137407089
-0.495730428409471	0.253953137113439
-0.47246693065964	0.275106618257662
-2.51027010128363	1.59578212126162
1.00582562840483	1.05855617990938
-0.974104283175242	0.681193959314653
-0.749944012799819	0.376829292123823
-0.915792312096709	0.607750814588635
0.469148090165055	0.296639750189731
-0.179190858661986	0.0759267635006224
0.732468109395242	0.630822228534304
-0.441344877370424	0.217837036688731
-0.271439174611618	0.102325667498461
-0.7062524851359	0.482845974345418
-0.115895112078681	0.0528840289828422
0.247457640678657	0.112582911818121
0.241213365212461	0.120463007835992
-0.464817422936226	0.263273521012827
-0.00445538897363108	0.00219535386175445
-0.0103561219896103	0.00476163782687664
-0.441436336299327	0.308429771989635
-0.305273838426673	0.192570395658151
1.21380088976436	1.41766765609842
-0.301902302652698	0.190874646154736
-0.417854746889447	0.233490468901899
-0.114545423742972	0.0718146185424657
0.160786343733954	0.0846902587706093
1.10908302298465	1.19452108101535
-0.696614878506914	0.585367429452798
-0.650414026044324	0.366171482990727
-0.361593978048474	0.1691517706972
-0.514903689920181	0.265831554426433
0.0471244132800269	0.0260725241371034
-0.351375229567937	0.164046328484355
0.128306088679841	0.07848568536793
1.18587400676113	0.879973827027308
-0.355772562936128	0.211761508428144
-1.06506219427637	0.785784217248089
0.306061152146852	0.184501938753101
-0.333315888755877	0.176644134805641
0.067211448089652	0.0345329982601715
0.282485072163982	0.214246786107721
-0.770748777421376	0.547543421126429
-0.819858358593641	0.336138376054768
0.140455675775705	0.0743287005495773
-3.92129766662766	1.64808716503328
1.23511751313582	0.741754668801268
0.635774981953351	0.352008193607319
0.215659566220812	0.135759601798739
0.131253538066325	0.0801600221709574
-0.220337752735101	0.129804158857301
0.0682388803399182	0.0322691618749914
-0.980185954629901	0.561377108524675
-0.718170658960484	0.427701991154422
-0.505372530299406	0.369324510951375
0.268193942969891	0.161401214417048
0.121546888906042	0.0779916618262956
-0.0705093536291023	0.0346401972398399
0.0360802866184346	0.0200363627140703
-0.261818253665573	0.13155788145951
-0.376495805944108	0.230315186300748
0.0236656364683676	0.0138606017732227
0.827376271588806	0.633535530007696
-0.478796061299252	0.27792326903469
-0.0707292108982836	0.0462152795110124
-0.293745710854291	0.198090871333032
-0.368726580380375	0.173731971546773
-0.0579511794433545	0.0304315191262699
0.342235752561312	0.208533144215973
-0.422113061872462	0.208147101501146
0.0592472872253291	0.0342396017924627
0.0744645988261328	0.0386833546643547
-1.48155871032591	1.14258835345146
0.0557294886752685	0.0235068595822567
-0.251382060944853	0.152851028014222
0.418820761026724	0.264576466560575
1.0031792747101	1.21241612343028
0.206108759021362	0.135466545247216
-0.13518396168981	0.069807992966383
0.513055149256161	0.362919226250246
0.732073871236898	0.497081251508021
-0.00653733912213971	0.00305097630856816
-0.084295447711021	0.0414070496524449
0.411459948688723	0.215296085579933
0.030137453881117	0.0113485049935605
-0.92644588493278	0.405048016656682
-1.39695628506658	0.765640973574378
-0.079412733866687	0.0389971644733648
0.283364290407618	0.113585625600822
-0.263792313271744	0.116907531970515
0.646873875767298	0.356946537728464
-0.460654888580388	0.267579722761855
0.0404662861933135	0.0175271105552921
0.0572541235047063	0.0240545256853225
0.460111810810727	0.270079168154126
-0.487592409476606	0.208750290497747
-1.26374960234502	0.857460389839457
0.65657029252326	0.483195359570593
0.56081564244422	0.338518485347497
-0.373248351205288	0.174359242635135
1.08217376616345	0.923358426545369
0.844792864343868	0.648736788873243
-1.80641087950214	1.25036490892529
0.183624371683919	0.10748156456212
-0.272693028437429	0.138290294118854
-0.0767225424797998	0.0374880708678605
0.357961837060567	0.164821298747239
-0.666163550486765	0.319546017089759
-0.638298144275547	0.361839749918292
-1.23750210435922	0.818920673481547
-0.13700670920908	0.062553679256745
-0.43281801666723	0.212603619945514
0.566668815481546	0.404859085601193
-0.371354567534718	0.170917886005749
-0.284892289914811	0.191805243362758
0.575298573693071	0.472341229590472
-0.434843435240336	0.27549211218416
-0.575434397878706	0.311618973885489
-0.238707471543894	0.143446430112269
-0.942638850465081	0.747362764761314
0.0271176588606503	0.0156503218325845
-0.437485445374387	0.331812383421558
-0.163212959528318	0.100340883444866
0.0478537881398798	0.0230404985089603
-0.320474175170952	0.235133277903622
-0.643181479768181	0.421703381950737
-0.125325966401806	0.0833192788208872
-1.83987041715226	1.30989147938528
-0.379174677917885	0.154194266555752
-0.407255600623034	0.162940879761413
-0.166293848922658	0.0696727850771945
0.15135129933147	0.0862938956415906
-0.748433990019104	0.373257069611793
0.00433339528995079	0.00175831563432854
-0.326443421564068	0.170956507134266
-0.779395475952952	0.392425547608554
-0.452467759991654	0.259275682003898
-0.352270966475199	0.166086976671961
0.156588885150709	0.0611178718736344
-0.112281211990302	0.0512623919707661
1.13715618945169	0.754333041317372
-0.257645645527365	0.114658321513623
-0.181393672366846	0.0855671323697077
0.220542286410206	0.109620064238117
1.42065607166769	1.40556384242038
-0.105954874821607	0.0651347960981151
0.565605162625384	0.336025557818045
0.0340717888838191	0.0224232708137213
0.496099695293241	0.368904524610431
-0.266133412991753	0.150469765511468
-0.708917594438253	0.416526880757392
0.647425081304246	0.476877338758513
0.0780396325346932	0.0369912849977984
-1.05639683026465	0.89362281061191
-0.967394396509533	0.793762943793155
-1.22533207005851	0.820070665455848
0.115885960562615	0.0841214583706005
-0.310954837924818	0.226597012879005
-0.000482104303385057	0.000382404778508976
0.169867549416508	0.114845968316873
0.149208263043929	0.0787973450920513
0.810450364152675	0.612276546308326
-0.488333148475549	0.288546835946603
-0.922136267746733	0.401513820915172
-1.73990862225908	1.1552888463641
0.471483739566897	0.222590829235333
0.889257493842117	0.751375142788796
0.176708415754612	0.060960320576755
-0.414178576715532	0.199620706284134
0.482310497414545	0.230924036442189
1.08692576031514	0.950294670074842
-0.307273833509799	0.209798800359182
0.530412056867541	0.283391852340578
-0.964655507080402	0.666965257851754
-1.58408773918906	1.31387089601735
-0.510449056594771	0.300223521400772
-1.36679650252341	0.517356202590375
-0.175303660495739	0.083268551745061
-0.18509128881916	0.0862399030603334
1.68117842230526	1.19099660020994
0.464258575808912	0.270092714460555
0.0586828829275379	0.033973841580452
0.135647638915439	0.0952518550577931
0.134741660953912	0.0903291801346124
1.41426148414602	1.88753777804616
0.396631839289251	0.24785707838072
0.0679959236342005	0.0321984783736682
-0.153273357248873	0.0790750659599509
0.158023698224976	0.0838181441067938
0.410293472624832	0.256916561673776
-0.375057523862058	0.176133586640493
-1.66682158209796	1.43139070549192
-0.594217831691646	0.320247245846647
0.557879546127514	0.326078219893065
-0.657590109886632	0.373623731687972
0.175685594210436	0.101385302389023
-1.84691475599469	1.32683038260092
1.14378218553168	1.45365248785542
-1.04415146916082	0.760479191878523
0.378215842778795	0.253723799231161
0.755696720794469	0.523708492709551
-0.0492749711901548	0.0322694482388323
0.195370220943401	0.114448836684219
-0.162601292897262	0.0896923404286189
0.247277922802225	0.110624914395756
0.474106912327186	0.352315223777677
1.20868762880475	1.41049870330115
-0.810831065815231	0.333304435792278
0.82204239321961	0.626810785561145
-0.91872831761298	0.50418161848922
0.54657735855588	0.327705994713209
1.24786362881425	1.02806093789166
-1.02247482174393	0.460505484568284
0.473101243256793	0.324060433594148
-1.72372588564006	1.13901790982898
0.0611033892547857	0.0291429016221358
1.91833459789458	1.37452209606586
-0.195849444846279	0.0943001062407121
-2.11293775265395	1.7575818241277
0.744621892114526	0.465873095287333
1.13897746385089	0.75934459413369
-1.29638501905946	0.685429650139597
-1.57317533435026	0.960172861798707
1.3163149156918	0.993645933374237
-0.525477849463216	0.267697399765232
-0.716656216084576	0.425875522305729
-1.63979084324143	1.03733951822218
-2.16366752196098	1.8238299925687
-0.523371734751419	0.313621359596024
-0.787758010463146	0.476467376031707
-0.860618489847939	0.553252662608431
0.756005709515918	0.518551238612984
-0.199460751269835	0.0951405866725737
0.761604388550307	0.428173165779932
-1.18768100540019	0.77122646480085
0.0708995528713852	0.029882605597173
0.23604215933443	0.149406636153996
0.0854786548316388	0.0439572632257989
-1.5855097177203	0.973883202329474
-0.109357616664806	0.0500355806122061
-1.78101893950155	0.804497288499466
-4.27860526939684	1.97877491404781
-0.386051793015389	0.15753491713721
-0.271339203461356	0.135063650278831
-0.26548927294252	0.134860086002338
-0.0231418506452541	0.0103183852746755
-0.11072534343212	0.0502999164379098
1.02944863337037	0.599441994533311
-0.447473655914135	0.220750106405397
1.0640435548499	0.492917148146614
0.0324423788229867	0.00661588576346039
0.363803754528495	0.167276030748725
-0.0359879391236359	0.0150989311391105
0.0153722108289771	0.00741418099389429
0.528572879032993	0.285068043740605
0.803224558397582	0.706238325938028
0.628910584532848	0.34693479463475
1.28297605251448	1.15800075964764
1.53340835560603	1.28127955507686
-0.491457053555263	0.211629141384305
0.22675210060337	0.100045126365314
-0.802639035152603	0.502564305166795
-1.59967921819395	0.989854067788648
2.32714218748451	2.04401011171923
0.213214328993902	0.116458746191127
-1.14580044265246	1.04355968371062
0.127540567780298	0.0813403264741378
-0.0720735287984804	0.0356050693062391
0.230246591590366	0.145325514986553
0.2265232315935	0.142966318326601
-0.786266194756866	0.38934015982368
-1.53078733793433	0.923209607319993
0.639092347447357	0.391583402364255
-0.169406238989587	0.0804057155329071
-0.187123436926568	0.0890275506021776
0.747802589028592	0.467081621523588
0.317560761018799	0.162041261457904
0.852607431207753	0.651609686219875
0.300696648828453	0.168971305298924
-1.09086895511671	0.647843805571949
-0.260533412607214	0.0980204980954542
0.429907440437403	0.221062620462023
0.156729790559555	0.0609882936290532
0.232656973338492	0.127592559692929
-0.0550119648266472	0.0288615000295148
0.289272498894792	0.141639031418772
0.490823475896647	0.317751515100846
0.456176870691912	0.216471114450118
0.232620950865765	0.115554706876887
0.466632915244153	0.362302123597296
-0.0144192823918411	0.00772142718206249
-0.273565031485735	0.194435672207887
-0.611275515879442	0.383929102169089
-0.582047491267144	0.266382112796275
-0.972801758159075	0.677929829121054
0.142753491608312	0.0624073048186063
-0.573985080939611	0.30833313218258
0.142333579893194	0.0627674855371191
0.0312336401780631	0.0117905084589388
0.135855488204403	0.0772813768653861
0.99771384182621	0.654167127055694
0.304348549975117	0.21181720224215
0.474507268236814	0.279600429242518
-0.0991233503934269	0.0448332024149185
0.362867718187348	0.242988732907216
-0.162728946659707	0.0669852239253137
0.854671192254744	0.598432627236114
-0.00263352169318472	0.00148507633801194
0.912260274962428	0.768343312004162
0.417562357623245	0.285693432624478
0.381569931043868	0.218596833558456
0.0700192537455849	0.0333236021799596
0.0536813182916943	0.0279605936000705
0.632505689688029	0.386573172845437
0.395222784263183	0.20274776698884
-0.392201759282863	0.158671105657099
0.154765596391475	0.0602698490796327
-0.910169643716999	0.499956100344872
-0.435669366549249	0.21490802299007
-1.70484938523771	1.1172353747831
-0.0783208897385199	0.031249808825571
-0.852995909510685	0.44442046668505
0.758652448028605	0.384458853733472
-0.347367373688177	0.185270633875416
-0.075426599978121	0.0296257358424366
0.0214160647368024	0.00932533707583636
0.437852342742266	0.22862109445753
-0.0752936390135602	0.0295455216006493
0.156427233009623	0.0605811583021579
0.434747410138114	0.180060638342118
-1.98808641531033	0.97748546557202
0.978195762096368	0.636540971451655
-1.04146166363716	0.623722328900948
0.196017457333462	0.0672614038193112
0.0104436438832919	0.00379012950648189
-0.920701516884377	0.509991612025468
-0.737026794198473	0.436734346138013
-0.2837454690398	0.161002406461291
-0.0836946198181678	0.0410446657444365
-0.266044915673122	0.118140067811675
0.10973713939765	0.0478458325287465
-0.602304629200072	0.326608984889954
-1.80072821120769	0.810299284238375
0.21221789424895	0.140901471569731
0.481962060672783	0.307966379564842
0.314016835097761	0.159883277775262
0.650917321908003	0.47531682399714
-0.372925411417503	0.201749203201304
-0.0398968905988811	0.0172409403802621
2.25890166610717	2.77585516160968
0.337442113798402	0.171872789638667
0.720991070059536	0.483853756357406
0.351792454528811	0.163447091216181
1.24608819824338	1.01060868206159
0.203515509389067	0.0695941505622011
0.352535503179186	0.163215636254196
0.496675995443438	0.255336280287868
-0.0524245128847137	0.0223278336135013
-0.0655096658843403	0.0322963308178964
-0.179902896428828	0.0754846353761281
-0.673294547143693	0.259668247746229
0.629572935550694	0.440760832886612
-0.585403277051204	0.315484405747311
-0.14823531697968	0.0825450643037256
-0.518475770493711	0.269591551345753
0.4227764397232	0.176222845961368
-0.501880622498283	0.215007673753375
1.10736839300266	0.964214084426261
1.40196104113566	1.68163852953485
2.69744294230808	3.74344265834386
-0.34684085887953	0.185010903037075
0.0439453211458361	0.027195329820369
-0.0321564664260968	0.0182754700867679
-0.0531190978156366	0.0301947408060117
0.153790123306382	0.0877438544905072
-0.597672081605889	0.270467149672847
0.493214787164709	0.31891461181795
-0.363521546993225	0.170722162672106
-0.736918299948827	0.438508589660474
0.345658637695529	0.19636652990051
-0.409313039010141	0.198182045898157
0.142615047894084	0.069948458660103
0.930035663280045	0.479613742859682
-0.219842063533619	0.119513567754608
-0.369681844682797	0.148598804515329
1.05593686781141	0.488086193467935
0.211930034187044	0.0943051483458879
0.33941634267795	0.174066390166575
-0.151625245841631	0.0781875902697138
0.659188192007409	0.623688975611466
0.104198394689193	0.0586967944895298
-0.0725446875477255	0.0288706437633145
0.217234389874434	0.11891237359135
-0.624043923802043	0.53867361004464
0.279216868329992	0.168860916563668
0.053453136563265	0.0295191305084025
0.530863050458623	0.316971245880018
-0.374771327772621	0.175857587144096
-0.882586870694354	0.674366339505538
-0.591860744902829	0.260232101981877
-0.201310335316782	0.0972069643223293
-0.206942004874978	0.100009600367846
-0.0202494238287125	0.00902471981949697
0.124329036624658	0.0656077812315354
-1.10540475858772	0.682173177579322
-1.45917344374166	0.839094434365523
-0.224128206225526	0.162012619908399
-0.580665646323239	0.407116804222547
1.03216421665164	0.605623260996092
-0.181680624803164	0.105132929775765
-0.145442433136755	0.0867965233226682
0.421087485168408	0.221415246269462
-0.826827131293429	0.759998074055916
-1.39973944789042	1.01870989816219
0.130299269277816	0.0868187359441673
0.567928392347871	0.466314876179243
0.193426366126901	0.10488772329639
-0.0243455227159404	0.0106737643865966
0.273754960472025	0.16356507380008
0.66261280439531	0.447867610121592
-0.00922236873683685	0.00424490010665995
0.0440532154065418	0.0212849541731027
0.385355374382242	0.221519723635916
0.66647458724164	0.451153661726706
-0.130535778720944	0.0776512431526711
-0.709919191238261	0.486392884634081
1.33364555122418	1.00839129240925
-0.199614423590417	0.096167628539606
0.197901982389295	0.0681398337715765
-2.00001913630119	0.964955748005559
0.0113214412690025	0.00401656652391447
1.02486484089759	0.606749295098828
-0.394941835325847	0.243194712275873
-1.04846677293132	0.484014103150637
0.565150403299247	0.338605851426582
0.522375625621621	0.281589016591571
0.245503499107564	0.110522320801424
0.357773781629828	0.201806532461083
-0.875804731075788	0.567806742964804
-0.201030252914403	0.108224883817737
1.47788829894793	1.12625726243743
-0.591385972939939	0.269366622773226
0.499146050609447	0.320229262275174
0.190604359212444	0.103367165575162
0.15244978639706	0.0663860472811222
1.19419532092143	1.5561733362512
0.670192671112634	0.450246670225665
0.531923656438839	0.278786444511029
0.240210767057266	0.162354102767051
0.399191115117513	0.142702359008991
-0.973579963299829	0.553773812476288
-0.580361736492809	0.304061692814573
-2.39720980201728	1.42789449071903
0.748894735850582	0.60850102072745
-0.275693442668797	0.12182727286051
-0.282153084354162	0.125501613268024
0.420026220262207	0.219047206546163
0.259991326433738	0.103716784543902
0.459388963602712	0.265049472340684
-0.0657764604127516	0.0344875813176194
-0.116813807862455	0.0721833751721061
-1.02404507609027	0.465481436293538
0.561462068904749	0.335372874463251
-0.0755391006248655	0.0294265522782418
0.63039829646587	0.345542242339212
0.527797765545266	0.283629341876959
0.207009029998069	0.111082033660303
1.11305740902792	0.744408850494957
0.293191994774524	0.117796026184477
0.292681058029354	0.11770357475244
0.376551550707799	0.231774087486196
-0.355466034713781	0.1673435524882
0.055388136373043	0.0235789464852198
0.0589245753776521	0.0252501088216248
0.804400651280605	0.609407697201912
-0.0689696928568486	0.0273782110884195
-0.132223370052509	0.088592399382229
1.25613004724332	1.03432042004413
1.12553327457292	0.910622556617509
-0.489011186677607	0.211050923089649
0.486830189392945	0.315048373539252
1.27670708414702	1.11521455090657
-0.0664191385647325	0.0350346448823277
0.00367517132794998	0.0018147163560335
0.100190893490752	0.055914937206748
-0.660170575708082	0.311233357291558
0.158840016514223	0.0840395378836837
0.650797876382754	0.356542473271558
0.827922783023477	0.629778220141791
1.3766097592628	1.15665512182928
0.723381140390938	0.582730410911581
-0.117453357898867	0.0529913772285131
-0.707460564521172	0.415653592629551
-1.2907713348245	0.669205121258438
-1.52978290996054	0.900331514911724
-1.38417672477815	0.76776486648517
-0.212134838070298	0.123253159864548
-0.312083030881635	0.200275818229209
0.288656899201678	0.161165676833808
-0.117340795097796	0.0727924120435913
0.137055651989418	0.0924045435101339
-1.29905911565754	0.684659179714664
-0.84078573208192	0.713969167310242
-0.235171544941073	0.142047401298044
0.475513671867013	0.304421729375785
1.56034400137817	1.56784930652523
0.746070696388366	0.510968274354789
-0.0398361777071748	0.0172227788102141
0.0766775071391564	0.039935523726928
-0.431310960383669	0.266993503317357
-0.833363633758924	0.437249652428736
-0.840556711581099	0.442379080154165
0.291310846600025	0.1899617028728
-0.00660562798773494	0.0031234785627993
-0.252596959176533	0.0951641756577371
-0.914766642664003	0.502219990243125
-1.44120294891808	1.08293005852391
-0.126068998403205	0.0786586779996262
0.327426893183171	0.168572737777862
0.25552538348495	0.10183521785842
0.0782099146946735	0.0371108986501437
0.117979970040081	0.0572173213518682
0.152825724998142	0.08105224102228
-0.584730239387129	0.414804166984336
-0.125535662547102	0.0570009886958516
0.557510109877483	0.335773770923993
0.755151303891991	0.471405200304094
0.440217846989169	0.323839174935497
-0.589287750533786	0.370959557638525
-0.888037743671176	0.588516696724991
0.833457586414705	0.684719145688296
1.83845138699887	2.03688439739711
0.23814260739999	0.1074843488211
0.109741826183077	0.0525279526179382
0.010971948103667	0.00470175667105604
0.315772061101379	0.161812057768879
0.340989779407725	0.208460048135022
0.333006111132848	0.203532499195812
-0.183574429763122	0.112598127448978
1.57424680480817	1.71775372259819
0.46628470071257	0.293342475326703
-1.57374697618109	1.2919612631424
-0.149729265880145	0.0767719157933261
-0.738790328930224	0.576139335289934
0.191711013965227	0.112656507486979
-0.0379061654408599	0.0229845566877253
0.614523818603035	0.338434674511183
-0.204958037845444	0.128280932440198
1.06060262600947	1.06906708722881
0.506486429097964	0.380472249008561
-0.880692422161832	0.663359126461744
-0.884917205579777	0.671765459148689
-0.598399074883822	0.273431952596356
1.49157705427622	1.24516977132785
-0.138665127252622	0.0719123163173002
-0.241007798015197	0.174697949389808
0.903527827595248	0.968316636430647
-1.02465811522301	0.738947157158523
0.495477698211794	0.372441630419423
0.385999870303355	0.221535072198427
0.640968489545085	0.394434581137837
-0.7784740709574	0.475019809650043
-0.297136726393054	0.18681686399928
0.311746337047761	0.229321272532483
0.0417181412386846	0.0256924549124879
0.109981942128868	0.0625455749526201
0.8910137149846	0.949949099842515
0.418471267912507	0.26530439814086
-0.222059091557543	0.13207179899953
-0.177786773453784	0.0921569172276573
0.364797133591037	0.207163887720972
0.202627086799129	0.110374141708351
0.194604690722504	0.114004508892747
2.22746709118484	3.81780995562701
-0.194539854572687	0.0934486805635359
-0.337114115305481	0.175622403731228
0.0624254212843669	0.0264526279865583
0.988026502809657	0.980215554981667
-0.339321179169572	0.178401691430664
-0.126603954826647	0.0448737062334962
-0.477257801923486	0.274215718261524
0.465748140872435	0.297331431882822
0.916074331441691	0.77042799718989
-0.0336842384015577	0.0196488665699256
-0.00807158134398155	0.00398354763163867
0.819702914760935	0.677153858716483
0.0658162957780476	0.0340507263359274
1.23974013911102	1.19726596112417
1.70549971423947	1.8724561058284
-0.208260527490723	0.0978397934137754
0.550750754477714	0.328255512504848
0.143298561993567	0.0628667597150871
0.312166930518952	0.160922496222706
0.85500283212348	0.813326466949668
-0.133075306073909	0.0848954601944372
-1.24706401670538	1.0401992791018
-1.27134447549245	1.05367197546148
0.79974480735973	0.639865363289961
1.79073968460737	2.42472904031243
0.0873693017536201	0.0516092741608438
0.293890460483577	0.213874346491398
1.19278190738372	1.45411480388257
-0.765716915998042	0.59998129129555
-0.774236441500783	0.620758892720831
0.212192140138013	0.151894414683818
-0.268606018419977	0.165953363029828
0.136191588105584	0.0657861795571994
-0.237745301305753	0.154845086454149
0.664874069688536	0.623655872505243
-0.605001988466945	0.477982718781504
-0.967780366021808	0.669289182971438
-1.13357936839281	0.549795281442202
0.636064990183121	0.496770961679143
-0.0807835263003971	0.0550465145802034
0.023199562676105	0.0134600408540577
-0.594984714314434	0.419710086977849
-0.772745028663329	0.807237010065887
-0.639766357545839	0.417270993298835
-0.062225502478856	0.0303806309118786
-0.281972876434139	0.143288064713232
0.414822198346699	0.217760909620938
0.126507285098351	0.0667586946795317
-0.611237540506804	0.383308922176686
0.0606387767068734	0.0314724022718188
-0.163524090316569	0.100424458871148
-1.05417311465601	0.630666853673131
-0.825659898513549	0.523742051809215
0.417553363757664	0.319878805242828
0.54660186466738	0.41471213914937
0.390017777234119	0.297871940502632
0.134810640709984	0.0946727608403526
0.772745317777605	0.533335320039033
0.616642520609838	0.542442153418751
-0.105232278638359	0.0560299475680769
0.765178890002306	0.528505651969642
0.721937279819961	0.523663728573073
0.201905644633876	0.0991270128735064
-0.830599193603993	0.434500631378639
-0.93585288557146	0.496189924802551
0.179387326683318	0.103755602288372
-0.00499309861896977	0.00232903600147484
-0.423812014301731	0.232070578120527
0.86284508603607	0.607907435984
-2.13543821351129	1.79124452309154
0.151180682662211	0.0737019981276886
-0.580310929022918	0.262562914042083
-0.111201235480345	0.0434474318556647
0.0230572393331009	0.00894768215948603
-0.488293667099404	0.285472425949534
2.03735123710236	2.59370657273099
0.210136308167903	0.131198403513111
-0.105337855086793	0.0403051439286183
0.755762666391105	0.375907247188187
0.230905181185026	0.114987279440387
0.550501412483518	0.327481943423555
0.488777791743696	0.258408748502272
0.47659934831318	0.227016522456987
-1.89697150542957	0.903387002469295
-0.181307206987069	0.0757225810862843
-0.836409120533742	0.438598724183947
0.434434138872045	0.22834296969598
-0.464784192979662	0.271244360959144
0.105549161441641	0.0633258601229729
-0.519657474098446	0.26724218108592
0.600391785518425	0.324674237342971
1.20868425870314	0.715428756854642
0.161516681948834	0.0787932400474936
-0.639104237063886	0.359373441259566
0.0239116912728277	0.00925025565126985
-0.372626445367136	0.14994058005455
0.0284210177474679	0.0108155418037501
-0.26989324636013	0.118796344829012
0.149025797339988	0.0588220629679581
0.255756910818963	0.154328566514393
0.531764217717351	0.316987774699294
0.356669825475202	0.16587462452944
0.0392728445981953	0.0146191936705044
0.954717563745162	0.493431252678854
0.271323803058951	0.108207432664391
-0.0490644399824114	0.0258593992345193
1.34539873909347	1.01978786298728
-0.185598209001324	0.0704040358955471
-1.31169004776618	0.698605323932938
0.0105000192683374	0.00440537607727661
-1.52297140284502	0.617542188473019
-0.11694509227077	0.0591788704975925
1.18121351228487	1.28406953154228
-0.664673738665067	0.315984042211724
-0.670389448226447	0.378674224092272
0.527579532234428	0.336576070462753
1.07200292220077	0.49665485897296
0.148033656676071	0.0571956227727997
-1.3742338084595	0.757254476036679
0.989714496538518	0.648303668776247
0.35648063887436	0.197966787098107
0.324194959161039	0.165510907913281
-0.461092516385704	0.297538875371964
-0.134306566363556	0.0745940863905041
-0.103046334698601	0.0470846000322041
0.071830014269419	0.0398585484830099
0.148125388796103	0.0727052708251076
0.147531261910927	0.0647343410501779
0.0150225971680965	0.00615380936140047
-0.579056177224527	0.263262580142787
-1.32641199624616	0.337202947491199
-2.30528858459401	1.31983651656374
-0.522262674992129	0.184557809129002
-1.19328321607161	0.420684448247171
-1.98869233611523	0.982749514713712
-0.681905093775543	0.329193931004659
0.126587043505486	0.0763088240607017
0.592720210434482	0.424661456760688
-0.271121147501186	0.120142299954625
-0.777247535534138	0.383151440681085
-0.655492822254427	0.367026052270507
-0.162437535447969	0.0841723524481362
-0.342476952863807	0.181241769820021
-0.0910876806188353	0.0482417221354672
-0.949171774779431	0.653407566313045
-0.591058025687502	0.268977499343486
-1.14840183026008	0.557477457648266
-0.938379479547994	0.409908558317695
0.307106511410281	0.171665417024423
0.664481272129663	0.525189469125752
-0.775607727637601	0.385916987827851
0.344652692535293	0.209323391865795
0.99768316838752	0.653052174230532
-0.764784591744714	0.387087430335206
0.245033250440903	0.110816166176168
0.300720285733886	0.153453340740741
0.942387470033001	0.859432805795331
1.0340264289833	1.09787746470362
0.387952004668993	0.19919400613946
0.232911828138354	0.105136650483891
-2.07027433491821	1.06394801614236
-2.50593233261991	1.57581765494888
0.884017686121377	0.513422311258888
-0.283406550313156	0.125744520009499
0.621904126022882	0.341025937994582
-0.279527744593381	0.139005835734734
1.0346495199424	0.617695399379543
0.282616363172584	0.114039263443828
0.624171294547928	0.345371381095292
0.132514565605765	0.0519920484207674
-0.537467563047364	0.191590515982278
-0.253033342409118	0.095511064354919
1.48212806416296	1.13127897588324
0.136305538555359	0.0601335011623379
-0.80922830370182	0.326170508392409
1.32291839532381	0.991917352900497
1.33723328541259	1.02071996022028
0.032317927608973	0.0101775230042812
0.734543079022047	0.365979240915649
-1.36818922997142	0.746869282294734
-0.361067532430324	0.191981798178457
0.0158860846947009	0.00525882482866791
-0.347789825777789	0.160827164275892
-0.0740387031369534	0.0365847123101566
-0.522976088570497	0.269916747304068
0.835184572218349	0.587614452255604
-1.13526186028262	0.54254833239925
1.19947699400539	0.72223214589095
-0.0730048401049703	0.0290531132299261
0.748514272291581	0.419995140084364
0.649426948867386	0.397829433060076
0.158789605910061	0.0776160952884866
0.218543854255707	0.108295491691108
-3.78313569373837	1.5359350308509
0.418855075007848	0.1247996408637
0.18761607938043	0.0648956034160082
-0.992839535740557	0.320934971642912
0.0944079613879991	0.027124852385066
-0.663776432062108	0.314034214428808
-1.20367695780707	0.423605913952266
-0.81642631470665	0.334886415873748
-0.262700643846501	0.096807740952726
-0.267937358374811	0.101257187066065
-0.381131315209593	0.154516514601199
-1.52832020539485	0.620615292183846
-0.252051036981996	0.095474351205016
0.625518266734234	0.343498307608098
1.45125746247691	1.01041615564387
0.332297025684655	0.171340323062832
-0.927564304236236	0.404213874087277
0.169894539644365	0.0580204613159303
1.0296804245153	0.46738440178449
-0.270684537840483	0.10281820577761
-0.75060698236714	0.374283280010967
0.134018304482888	0.0587179984061306
-0.0169017348342987	0.00779082599064737
-0.72933546690712	0.434761974342816
0.134726844160129	0.0593056667858942
0.109415812014668	0.0574706255649883
0.804467464143971	0.361618677664427
0.611218782066733	0.333030512740898
-0.19062690089493	0.0912354029918914
-0.691459916204528	0.263932797906815
0.206022574948623	0.0708441041011495
-2.78685698204813	0.871481146816449
1.5079903637443	0.499434998403579
0.144491949957334	0.0561605610547352
-1.19569794124679	0.422030134577778
1.07261310347952	0.494607880051314
0.767680375787413	0.390283503579346
-0.510302205458832	0.214359392181455
-0.182290783975891	0.0753297007271393
-0.268228716082233	0.135752907695327
0.0596092922266961	0.0250611222526382
-0.5921007751381	0.320283901182099
-0.372873202803446	0.149609148375386
-1.78648463134471	0.805657926698131
-1.58632035653914	0.967009740222138
-0.194198224979516	0.0815344867805254
0.751927049894879	0.474316857008293
-0.387214954767513	0.157267013235396
0.10799566189824	0.0561246367401873
0.306791452916319	0.155807459389524
0.0334652770710807	0.0125565859869729
0.512841807284877	0.359395789747155
0.634357559271177	0.388540897523504
0.0538692788858427	0.0231406039622182
1.0564144370293	0.984679833348411
0.00517039717019903	0.00206258710049521
-1.12982050018803	0.545007254762532
-0.196177510064374	0.0943775845197222
0.237335213325705	0.107063364069204
0.749985518729741	0.375972305309955
0.0674370243362621	0.0316927471707779
-0.353887456099052	0.163896044164187
1.00595742407466	0.914520710738484
1.05466371288579	0.753633855012397
0.527440200740464	0.325908403187504
-0.425515389197118	0.267374963206168
0.363580728334634	0.206797684698754
0.399255970338151	0.228362227173411
0.463498738262845	0.221269021384788
0.0633388735747956	0.0301300731197676
0.568113887630004	0.438065362353734
1.00456271133164	0.919889468915976
0.468756508844778	0.302158904329007
-1.23351877702279	0.628108644287809
-1.53078733793433	0.923209607319993
-0.753856732242047	0.380739592535797
-0.389762690338063	0.15825594994341
-0.336401899460311	0.216189500997436
-0.385357800531717	0.211997008701433
-0.687329010749947	0.456747952791702
-1.0304788905522	0.743475775796606
-0.754566403158595	0.377662711009382
0.350564711943842	0.231687088791888
0.16925292404483	0.105038738575283
1.0726182620515	0.789822975855194
0.115799053187155	0.0651307513433939
-0.982547883812042	0.565493727641489
-0.741238707521246	0.443087837144382
1.21739404537777	1.57849342204069
-1.18032411369818	0.750437329190833
0.863492805984122	0.607637585596163
0.346689648212528	0.231315065978644
-0.993103095805997	0.321051332022203
0.370029578153326	0.171059801914135
0.631286162239549	0.347160850757212
0.276540243884343	0.112271291780872
-0.350177129954582	0.165144529711013
-1.37677303998427	0.756793171292
-0.530525605313993	0.190076280908975
0.20063024004781	0.117629104660962
0.530044570761942	0.287450151467955
0.410899354419308	0.213942456598947
-0.0606054678748964	0.0256043627296123
0.553578555420702	0.361495950466098
-1.38207258906411	0.763790546796313
0.900493164046568	0.74897960342783
-0.814889566065051	0.330875921867418
0.353838783362302	0.162675178842639
0.657865605168076	0.518596888929813
0.519920101691515	0.302773894310449
0.350237818491933	0.21487018086574
-0.0928316517987346	0.0492871142925962
-0.23269505937425	0.125816913434083
0.143609431187227	0.069357233663951
-0.0296611770454242	0.0129623426876066
-0.0628190497872953	0.033056984568912
-0.010919930025236	0.00503648579971845
-0.358321853132999	0.168123448901334
-0.962945764156186	0.544069789086958
0.28749728347651	0.19962758751615
-0.425535268249721	0.108299197862256
-1.21504267765768	0.430445945916033
-1.0389063819942	0.481104533874234
-0.150045016402262	0.0451860923713254
-3.08883589266699	1.02172082425885
-0.28517964960756	0.126797850854384
0.23213024735381	0.126136219943363
-1.40893312939491	1.28254857687019
0.13930420825299	0.0675127968352977
-0.5554514135849	0.338010240881822
-0.819846679910646	0.338080930276853
-1.18187936450562	0.933854400827546
-0.264327079935986	0.134187948305989
-0.190587712352418	0.0919271748235462
-1.3750034350872	0.754827779214151
-0.940909798585737	0.633654696230626
-1.06404293706354	0.635702643351475
0.126176995075577	0.0658037736798084
1.12324447772821	1.28636373355562
0.280076844658654	0.155656802562737
-0.644728941360862	0.36424889643343
-0.212338219358847	0.144118341359863
0.0149022248074255	0.00725863347394345
1.14374600034499	1.08821251220117
0.642303732755799	0.354337879682424
0.0538498120304505	0.0231111366605414
-1.78745522800715	0.811995110691122
-0.390012005231896	0.157774409823242
0.0302522963192359	0.00957903702962528
0.324214313288119	0.16717718693794
0.886558780290134	0.514732758089084
0.607624192804242	0.299189951528229
-0.260143333573649	0.131295993958305
-0.284268926269492	0.160449777572658
-0.274837628924416	0.138368942881762
0.00340575086968686	0.00208521589279257
1.15980007165881	0.612607595220755
0.995456792500065	0.650016277261115
0.238824727410841	0.106676063534489
0.714397225276617	0.395934872007188
0.0215526705031259	0.00835432831914537
1.66857606717276	1.41130726470132
-0.900708192972304	0.48991087237931
0.608574613424942	0.330297785947004
-0.846814810388353	0.545157500653964
-0.477321896523734	0.204952639732336
0.650668350166929	0.397429922276504
0.147728132919789	0.0575165284050653
-0.498993001837157	0.256099060497091
0.946533971250604	0.738394768357885
0.254822932280139	0.172351882112608
1.00614966917864	0.786978105595037
0.404402153667553	0.252708491797641
-1.02946330226183	0.584337824592192
-0.160745745350347	0.0834797258972596
-0.8160263534558	0.337650961744875
0.985508020110781	0.648671334826059
0.474708015299121	0.301603270212041
-0.0353300003587757	0.0161365321628598
0.651031401406088	0.513836202271515
-1.19752588333038	0.962838523005918
1.67699543076379	1.57968655980357
0.0652807521123896	0.0338368917859394
0.00311851731232468	0.00120975583161392
0.136781625045387	0.0773255743766382
-0.203328231341689	0.0968740788559895
-0.345257312793293	0.111865039459429
-0.354107061367322	0.165073820685937
-0.158077687644323	0.0656265801051249
-0.528911493227706	0.274488783369826
-1.11060340517632	0.689683885117939
-0.818320845764336	0.332118994743735
-0.286082758757916	0.126612765530779
-0.190307811612928	0.0797626745228072
-1.22986251488896	0.62674633568373
-0.00913543997169316	0.00441261504337559
0.00969631372059834	0.00337911540390461
0.0331412381439884	0.0123772229198301
0.61341001345775	0.301653337079791
-2.2459497552091	1.24093827838653
0.0829611891843275	0.0430580538770398
0.370827760373163	0.172629936280664
0.279624789760228	0.155419176646166
-0.767142025268909	0.38679959741897
0.504611943033256	0.326989704066552
-0.370830849207448	0.122138776775359
0.733939644785953	0.548178037853891
-0.321222524938803	0.205840542309781
0.201436012170061	0.118358412433513
0.0956281307544485	0.0270987935939912
-1.32458778760029	0.337292726626225
-1.14281523096575	0.553398009838348
-0.525245099184319	0.187097298007876
-0.52805062730807	0.189473682936534
-0.48345292990335	0.207809536941859
-1.22545778227043	0.624424938728826
-1.37891575116944	0.763343677118581
-1.59339889849522	0.982597410931674
-0.139548383286475	0.0705862835941639
-0.607771444330196	0.273199004344522
-0.278744030896273	0.124143882857542
-1.44686823706469	0.829427354056234
-0.486669579906329	0.287128990981284
0.630213744674429	0.349190182782636
-0.669019037560598	0.320447385811795
-0.924368098370326	0.510882030642136
-0.373163434838132	0.151640536932811
-0.571051541135094	0.256566480863855
-2.23213102028707	1.23045471274673
0.800473600114317	0.655342519359059
-2.24761178805474	1.24861082912207
0.333311277243208	0.169251379030296
0.259886803680147	0.154210729215737
0.420248138293195	0.21760155779562
0.53099584742687	0.287430907922976
1.0233538199889	0.81538948149473
0.389583490052272	0.241107999421161
0.269082486969687	0.173503038061486
-0.546279311414219	0.37520423273191
0.147533200262675	0.0643087470095572
-0.328294416422056	0.172800831356136
0.50226226842136	0.325145877773839
0.446025706290997	0.262440375575321
0.26099191801053	0.155329454588659
0.0581211763292248	0.0271784807520433
0.325442343994624	0.199093752454226
0.234724888925602	0.105495489293984
-1.49264906007087	1.1638139382144
0.298555493476586	0.166565382674295
-1.18858684324697	0.765042926177014
0.314044609625706	0.192041804029527
1.13321101837519	0.921034781727299
1.4427035283632	1.541659046415
0.434903139174941	0.32022323618344
0.446365434605327	0.260583738127399
-0.0288020082771373	0.0124627145582876
0.715077533623009	0.571433925085265
0.932140438593817	0.724990904994209
0.00966154263266746	0.00480747352623762
-1.58481191364777	0.973027428472293
0.146709315922008	0.0837282162058684
0.277288603131681	0.187766414329742
0.979979692075327	0.893147529113231
0.340028498485603	0.221195055017379
0.256389068298302	0.17408002325126
0.107122807592004	0.0746777391467139
-0.430319091392412	0.268394705857094
-0.0803947798009267	0.0394902631551439
-0.319049760874433	0.185164117562196
0.489829477312214	0.412678619853215
0.299562383704146	0.237099100351368
1.11923183239424	1.51649845044078
0.556585346960928	0.473196124860326
0.967390852231858	0.695764203248415
1.56872896348248	2.22983110242379
0.349126004828417	0.215851953950382
0.472368577158558	0.328153050481899
-0.387023152577331	0.258174800079714
-0.0744464752748423	0.0360422153684903
-0.102415605616849	0.0466817872566425
-0.116977390871011	0.0529166479478498
0.534311293946931	0.31372917768652
0.0688443112873338	0.038209983217715
0.156910568722299	0.0693417343746457
-0.174639545839095	0.0824882312655709
-1.12485247348871	0.538906218101143
-1.12079468928026	0.53809079520254
-0.458442784638997	0.297686482360554
0.355350671783728	0.268322419486033
-0.0673128632445086	0.040951087684903
-0.416828793763861	0.287333224461671
-0.0726797517997391	0.0481975419273675
0.156766337472883	0.0837133599543521
1.38791161759269	1.94451948704526
-0.481293892473401	0.375065957066445
0.15114907526958	0.098193005646353
1.20997309081243	1.05897643119857
-0.733959945651862	0.214352406595417
0.762347447918184	0.37901737685558
1.68652970080859	1.57784353381449
1.68697448005014	1.59372848144746
0.760998354467326	0.383815208349305
-0.669630119348994	0.255053221015968
0.123253945141445	0.0699690327436904
-0.286498400785085	0.163839506912135
-0.137825506774622	0.0706716219460294
-0.371027848453253	0.265406053588301
-0.404336223337676	0.250938208697568
1.0980346785913	1.17368483646828
0.735467171756868	0.589851643570598
-0.670856091467485	0.494792347762807
-0.371619156413512	0.243840558724931
-0.313330906555244	0.199006172026403
-0.0816286591236711	0.0323258713025969
-0.0752901549116163	0.0388644556011215
0.323840673596049	0.194651266222166
-0.961995683346574	0.870370036744333
-0.823904409820739	0.587910326024235
-0.902597485129472	0.699885904280652
0.267660824488874	0.201578785216335
0.548087823689314	0.326845837625461
0.358029536296115	0.202588903558842
0.495778186191767	0.347371202852154
0.523993754578916	0.284031170063942
-0.430585017449666	0.241455022004039
0.297452639833781	0.19268682058907
-1.13492816390516	0.884804325016209
0.0482753747116306	0.0249012190129294
1.53210012285185	2.07456459703626
0.574722972165361	0.429346851320879
1.35891073363409	1.43595751685696
0.72596282164301	0.542218271473105
0.549556251224437	0.415298169800388
0.551409323569206	0.388183281947674
-0.599521290779214	0.427143586786734
0.881686904697446	0.73677765185265
0.458853416012124	0.270604070794132
0.236782857256822	0.119342777387126
-0.286590825857499	0.128164881015755
0.0732653862535859	0.0403239547128068
0.816105121084611	0.669021085703127
0.564738629164694	0.487291921701062
-0.16782759310181	0.0858104276853957
0.23900817475423	0.129663153269221
1.01608083839235	1.05262529416631
1.28464320961453	1.4406078587234
-0.749552804758483	0.520620721607088
0.255800153443684	0.200617754972732
-0.580469433618348	0.263817256413173
0.140526854996327	0.0740984943758824
-1.18203791224269	0.76375176242399
0.00099026539469782	0.000423578845316665
-0.412662885453982	0.323187331689258
-0.472319259390843	0.377690727607247
-0.703505959669981	0.478491439728342
0.119794122255841	0.0683984541403459
1.27130684714296	1.71284980326929
0.556373123544371	0.39213799147365
-1.57721661969626	1.5791467481926
-1.37800417865066	0.75586799407799
0.00870292833201725	0.00373429354687389
-0.0795581607989143	0.0391773959305754
0.253524658913966	0.170879378019499
-0.645832661040363	0.356362397388707
-0.251151679658734	0.12567594259743
-0.0251649094225413	0.0134637904886707
-0.562213684868631	0.463781106310904
-0.471014460199495	0.270851629887189
-0.364466083820661	0.219323595051107
0.232130175728	0.147447616706609
0.31294547619684	0.218822151071275
-0.412350069699829	0.36612188141028
-0.258456927354139	0.14236961383546
-0.52679188561877	0.319223904896143
-1.1168867585249	0.53409211007866
0.413385798506533	0.123528523262138
0.140828149949774	0.0800427746754568
0.167161053915983	0.0642958577375132
-0.934196074503175	0.404177302355344
-0.67210227721997	0.509739303778284
0.0308854044928867	0.0179659002108976
-0.830683528587287	0.837972122239757
-0.77254135428362	0.549445139103903
-0.911746160046364	0.502602466438786
0.196188099333764	0.129049279123415
-0.0847048045939934	0.0490792697018546
0.629261593841074	0.520960483529284
-0.2948533055218	0.198970543336672
-0.0986642667011821	0.0536893540160749
0.144086144770188	0.0918116073427141
0.0890483120727606	0.0613564843030938
-1.10878027613597	0.822629539131814
-0.0141190380677756	0.0064681688697266
-1.05749519502294	0.637069136104677
0.0410845962593758	0.0237550631292151
-1.2034185650454	1.284800650508
0.416756014802541	0.392542159367721
0.0802088573378097	0.0377907391702402
0.0569915286081145	0.027039547225566
-1.60266290142858	0.984177273191443
0.351333008910054	0.234060956153228
-0.0552061219919257	0.0355439381356086
-0.0062550299498322	0.00342681288041005
0.136832791200863	0.0922235302392277
-0.0783208897385199	0.031249808825571
0.880061653325647	0.510276020302753
-0.769962628243255	0.221031551900478
-0.920885525464312	0.399314180050339
0.951992699924984	0.486532702670565
-1.04397401460857	0.483032028589716
0.388363735797907	0.140086101419931
-1.45488252828343	0.837960346393484
-0.0694037188441144	0.027422961794135
-0.285013277456584	0.107304252008351
-0.94353540980694	0.515470244493816
0.751195214561272	0.470577129815928
1.19466668450107	0.879813994959779
0.423246485960564	0.176666633753935
0.217138081618223	0.0977602927053199
-0.350531566887827	0.116039648175175
-0.929578903476941	0.402099763875502
-2.07276283371655	1.06291446216893
0.0199506396335769	0.00641075757359845
-0.694196990474912	0.262682181803932
0.139668314295187	0.0549627183451707
0.613987265850258	0.260553095760533
0.109445099067681	0.0305555897741193
1.65493051595159	1.0242771117844
0.808184010081049	0.361751251991705
1.65774240836568	1.17589851117057
-0.579182606252239	0.264180002611082
-2.01027031658318	0.969199897351426
-0.171638749688064	0.0721455733842387
0.352217342441278	0.15797462201376
-0.172607758181314	0.071805883819745
0.143802462504009	0.0764876381111915
0.92947375939859	0.485797429787573
0.619091924307321	0.299176824757944
-1.7790739846437	1.23535515928332
-0.257210577719769	0.112674325110514
0.153531877443594	0.0675160710249469
-0.0969577384371403	0.0473597491419995
-3.92891680605277	1.66206747015559
-0.146357206552703	0.0516903910000182
0.740150460952328	0.417736694851573
0.473291807485514	0.226067484623387
-1.29137997015503	0.676178575501169
-0.990247981435062	0.320666314410758
0.141403453490468	0.0558227999071865
0.981039996281091	0.374777388799264
-0.744913584947603	0.217706120721005
-0.132753813809276	0.0471919122693735
-0.10161326478311	0.0465219186520837
-0.13939595604032	0.0491296148207946
-1.90868056147208	0.898574566710686
-0.688156627940491	0.266479337908768
-0.487581517767852	0.210370499166954
-0.113472112210831	0.0513210157444777
0.255886694341489	0.115597402606616
-2.22398548013263	1.22679713460765
-1.7123628686621	1.13007533959809
0.965022292735671	0.622728089099338
0.408003331236674	0.147207082729744
0.183283597396555	0.0633674980195509
0.677780437898919	0.162363228345399
0.252663721759058	0.113928330562486
0.0164029038575016	0.00548505828367563
-1.38539273129043	0.527999133329776
-0.905986545486807	0.482014056392957
-0.140291881934672	0.0421153331574323
0.317648213572304	0.162997036689729
-0.747583314440834	0.371849679601548
1.19949345501942	0.892646322913242
-0.346515950220809	0.161365890468554
0.060305064010468	0.025668179395778
0.228875066144027	0.10200320237375
0.128767190752675	0.0503964238805952
-1.00472968953445	0.323544072989594
0.298004421028575	0.150686045637431
0.482546740084055	0.229627692850377
0.838662177450968	0.586003764995779
-0.758101698479441	0.381113510344169
-0.181322722106044	0.0757163296386459
-1.20859945980947	0.607544621100804
-2.22705693303708	1.23085790781681
1.52755335984902	1.39006746105708
0.22210758145871	0.0997968463211515
1.26799219903774	1.04636494671207
-3.48820138169627	1.31517764348906
-0.590436247715671	0.263796151260225
0.568849837170879	0.468542539537756
0.801014629975535	0.658214485311731
0.0214998353969618	0.00693145109018063
-0.492091657676017	0.251847434825062
0.233030819058869	0.104270339047089
-0.481377442898337	0.280093622969949
0.386441645256127	0.136223754523931
0.423702603644862	0.172833451649819
-0.113892908434307	0.0515998515984116
0.901718425882137	0.523499376173783
-0.256859463783459	0.0979831878599229
0.737783719398544	0.505648724830724
0.0436308821310445	0.016088059966733
-1.04503747342615	0.482275898742316
0.234145437199782	0.104814339884901
-2.0870212705522	1.07601082376349
0.318617026504577	0.161388004585466
1.27591539714626	0.874580168575099
1.67323519915441	1.41991697815284
0.759027901197868	0.473061791117335
0.124386564121922	0.0594986483450145
-0.145589793918733	0.0666841942249056
0.914156905104362	0.699395680730312
0.0529473206578568	0.0225201697339159
0.570146045696091	0.372988379564238
0.0156886351457918	0.00600606949170768
0.331844542622415	0.152976707849319
-0.760613820317458	0.386142350811129
-0.25222508902086	0.095658886690305
-0.638335776577436	0.355184581807899
0.930723930623549	0.719814777253115
-0.987191382590954	0.570382395473418
-0.0704848782836228	0.0289306264102639
1.03336611373818	0.817537132288859
-0.846575051788606	0.444108457641406
-0.71548404589283	0.427787077083862
-0.376821833511486	0.150143570944514
-0.635344519394044	0.356011842275215
-0.137598113108238	0.0627230143970833
0.105719612977123	0.0554813350056019
1.44673517427904	0.999722061351737
-0.127006209589416	0.0577221959480459
0.219065526139418	0.119581350970511
0.228297770879529	0.113596330417379
-0.383739361878373	0.156667148878162
0.153851572683422	0.0601307034251574
0.125228621438678	0.0550274050013529
-1.39573321940273	0.526532045771344
0.423933497792478	0.268927925689817
-0.986671742279927	0.564394140152544
0.0167235704406007	0.00670348453651359
-0.826804066918854	0.332304384428717
-0.688646162399354	0.327259255300108
-1.05292490122105	0.633044230758877
-0.01829340400367	0.00838419436565171
-0.0809467290711681	0.0320461031037517
0.405310757855938	0.142807908146486
-0.200011381378637	0.0834931806925577
0.418982335299551	0.123390223841859
-0.14834405703593	0.0438004088350207
-0.392775552213262	0.155861379786816
-0.349846448438282	0.163534699931697
-0.252051036981996	0.095474351205016
-0.512762259537086	0.264266047154512
-0.777526400259183	0.390518402325329
0.150668945289657	0.0660561482760111
-0.150045016402262	0.0451860923713254
-0.164556687348367	0.0775832006011551
0.15434870190714	0.0823369206947488
-0.133648659561429	0.0597518443176651
-0.398372670102066	0.24288401450067
-0.280866140585717	0.125067132741471
1.92065546535039	1.37757172426468
0.301025049696339	0.166499060333163
0.162768719391521	0.0626315401550425
-0.133935885223109	0.0602607422542562
-0.00965126304249219	0.00453437181753609
-0.920885525464312	0.399314180050339
0.313143852472234	0.173327458702849
-2.14733076207921	1.1363710255185
-1.1256648588641	0.707126048143801
-0.472855203599343	0.273970546519071
0.733992885192416	0.410935989351785
-0.922855368010568	0.505332635293629
-0.491980878362252	0.211354357047376
0.139836433996078	0.0611551322852052
-0.993045154496955	0.573883862016595
-0.253087920586448	0.0940719181014608
-0.845288106818472	0.443971830168735
-1.21955717281164	0.615283884103853
-0.644346292306023	0.417973148796676
-0.637039454332966	0.406455038026149
-0.609104333113351	0.388726968337942
-0.0928548025881789	0.0591998776012258
-0.974337921091836	0.555976742537427
0.513267203983627	0.274031343092126
0.616042945243227	0.298583629159295
-0.887022797764604	0.469379049768704
-1.44520957246544	0.8254613056038
-0.755302421289554	0.381894936017385
0.398051818513767	0.143058299397972
-0.123447544754546	0.056335089426381
0.605192417847366	0.299288804860599
0.752996156292621	0.519528560384643
0.0449108189731044	0.0233351382021459
0.360880171863059	0.168191995150545
-0.433875565257238	0.214622898590649
0.226112296371633	0.112982773538839
0.974199799051515	0.836244723424077
0.188613539280926	0.100062577058161
1.32568489420664	0.998844923255764
-0.173224798188596	0.0724125440065013
1.33827815621218	1.30950312890358
1.061137941907	1.06057305718533
0.929025004213289	0.721689145217027
0.722181355884689	0.534197914494602
1.36873701866483	1.14658186240288
0.137220234333324	0.0606261003003273
1.22046097642383	1.17429344885004
1.67003064961816	1.44230084936222
-0.417025251201833	0.229404617969685
1.81385347933258	1.99708111885441
2.0051767705938	2.07906282492523
0.0806454079227255	0.0378252667715549
-0.438444577605022	0.217714835905806
-1.37546397855412	0.753955918816199
-0.357572894645908	0.167255571144688
-0.727076590797319	0.430629693879416
0.163029314153246	0.0795858845949719
0.750251934611392	0.426051758941899
0.547259234286439	0.491641286162889
-0.0318121425507604	0.0138044751914191
0.404293439626579	0.256239630111367
0.131687190559616	0.0747158792579493
0.00793627221032141	0.00329205172529465
0.63591831975713	0.500947314713465
0.405382392647017	0.25534278923149
-0.28363319652142	0.126546030625464
0.423717676377597	0.324805215858968
0.248930889781099	0.112618149717791
0.268457474302448	0.161907271398711
-0.578658673477788	0.31099282203334
-0.426976607729836	0.209999380529385
0.0354044869916271	0.0153250386815753
-0.344199698270951	0.202747848224052
0.00310757173432556	0.001489250799996
-0.497203139932672	0.289852818234983
-0.744588107304741	0.510137599000269
2.13859477065471	1.22597942518466
0.656693897015305	0.243400817451032
-0.417956020620519	0.228887400185682
-0.153138970820542	0.045914337463324
-2.8082526131638	0.87082580653251
-0.541102665782548	0.194510023945486
-0.145435296981024	0.0812338257384044
-0.389195488128189	0.212683259614189
-0.15727848288033	0.0648140219274217
-0.118672434145093	0.0542079718896215
0.00580876336812488	0.00242306943270842
0.790670756507181	0.693201771179186
-0.34707650285328	0.161796545978268
-1.59999232951156	0.979563422899457
-4.6794658249885	2.47919316438494
0.266791528222078	0.159698815097938
0.0698313709970019	0.0331052550413363
0.327788036027557	0.200842220252477
0.993518017050548	0.843094157439252
-0.408444389094161	0.161413781114674
-0.0193404493892482	0.00945758559555988
0.229628112715916	0.114442638652571
0.05768089080264	0.031555197243364
0.976865668028261	1.07140224184304
-0.45188332717552	0.258393951851418
-0.177597993915972	0.0746481560109392
-0.847015589241723	0.450837317479351
-0.67315671184787	0.319754714507564
-0.05020210276367	0.0212814405272569
-0.0321222226484238	0.0143271657028909
0.151308709496968	0.0660356928504802
0.35389830525911	0.165708699274151
0.965903223131117	0.88269377185602
-0.694574661715292	0.328495336600641
0.92211433967189	0.718619747589269
-0.642368920786254	0.361848159845829
1.56962408327787	1.57452529471913
-1.60376043401681	0.961760105364161
-2.17259577131696	1.16508284027209
1.03749425937503	0.957732061187031
-0.157454699707565	0.0821947251167637
-0.738483277870742	0.573581772468224
0.0644860795515041	0.0307159830500048
-0.361888321284934	0.167589168280533
-0.179190858661986	0.0759267635006224
0.526576783368259	0.282680953834437
-0.461630292097575	0.226655853611247
-0.35470356755835	0.165479783110612
-1.2360869166996	0.624076247437492
-0.937299396396224	0.398861560193931
-0.261493975932327	0.131520178964917
1.65919464090266	1.1623158304372
-0.372051786995789	0.174806172494294
0.528135858860318	0.286070961891977
0.0159396929219886	0.00644221248257673
0.121309854351709	0.0477562692278718
1.36975466408015	0.741962442960057
1.18621519733357	0.87037837432242
0.155362738259689	0.0681460069742756
-0.581979370241216	0.258678579903331
-1.77355727683265	0.798379501053052
2.25518265426643	2.18059063149149
0.554856219844804	0.335317810711666
-0.130208928410443	0.046340410576518
0.930071192147249	0.48303997079328
-1.21990303226014	0.61442377731655
-1.53650018285375	0.624787541229589
0.799862226936734	0.703475247527314
-0.903430536074536	0.599873744541481
0.636563594813418	0.422499321669256
-0.145069881444447	0.0510132176008779
1.53271480701359	1.42027028507724
1.85140567772836	1.7553918225897
0.0251340771896221	0.00955855897068356
-1.58257872033521	0.976528296372665
0.486192478527065	0.231403002860015
0.286876298764413	0.114201412731379
0.19495923762923	0.0669139090018233
-0.133408563419802	0.073500845671861
-0.982117061034887	0.548446806044536
-0.118729774094863	0.054123880531074
0.804059423295984	0.361549684324932
-0.583297674693452	0.261803046275035
-0.264740987298883	0.115433534243729
-1.91122666854139	0.908875339423158
-3.29010889211329	1.17205086858092
-3.0595011971051	1.02653212557164
-1.89641960273569	0.889446922285932
-1.38068194294187	0.760687483058893
-0.519046567461905	0.313447312438589
-0.91451863478394	0.493892392059085
-0.648039499779776	0.36455801927883
-0.74163145769724	0.217315819900199
-2.45365963962835	0.711852342545335
-0.602027490452745	0.274115641598964
-1.99627491603731	0.534624483473928
-0.990247981435062	0.320666314410758
-1.66906419515668	0.720359922421091
0.748274865508643	0.470427309908133
0.49579463694988	0.32117176962134
-1.38093360621636	0.526262258956603
-0.974940757165676	0.558846114457627
-1.04588374060189	0.479540724667048
-0.132751505549971	0.0595580296727989
-4.06171484465082	1.74281546022049
0.513140048504994	0.277798520561126
0.144109536375244	0.0559839497968094
0.471447129769666	0.220998256727572
0.646314591626526	0.398567562478349
0.754776656196075	0.473669293416351
0.23611471169441	0.116920796389209
0.499279481817117	0.321719615940975
0.330624161448162	0.169094020289728
0.608573690494168	0.295912965431478
0.931066657269925	0.48169244431515
-0.795796847712842	0.321358768594849
-0.969462672665191	0.541606538948482
-4.06719394883708	1.76053877999773
-0.448220381929954	0.219437580489108
-0.037539108181648	0.0159738839598627
-0.137003288776222	0.0479799998459477
-0.269949324530751	0.120041930069722
0.476615836250873	0.22648433543215
0.758982664019474	0.475901837238395
-0.884309922916493	0.577397731631178
-0.347796985092561	0.162914360415473
0.0818285522929747	0.0388406431580175
0.870482887657741	0.498969476044203
1.4186439295644	0.88295029340496
0.615593809647943	0.264716342511391
0.328191144490791	0.166518274634306
-0.423401939881951	0.208080602494504
-0.170321612502602	0.0708032851385539
0.287977178815967	0.116527651017746
0.336369355721515	0.153912002882642
0.491956624991429	0.316508050553364
0.343124653089967	0.15830069207335
-0.345608854277982	0.159594171766039
-0.277703462601673	0.123248942561726
-0.644546939547036	0.366887694470527
0.0470094798699053	0.0203919694457218
-1.34817992835706	0.958801063723258
0.892738828557874	0.752682179140484
0.0230809336570434	0.0124202821528358
0.851608130467265	0.540056276150979
-0.347908800034192	0.16133556664585
0.862871822165325	0.855613898069275
0.620543628984131	0.408960565962751
0.337452125259431	0.156123918177206
0.414450654071766	0.217683797728999
0.350911275895501	0.234104031047807
-0.380051121353949	0.155204572676773
-0.857064823351395	0.453413495038258
-0.135674275103728	0.0695522602434437
1.64143699424757	1.27534777513821
-1.38534633613583	0.764974879102226
0.764009205340723	0.386619933195199
-0.971048332297049	0.550301384240432
0.466200316965126	0.221344051675501
0.814847844702667	0.619524665564323
0.244621323374668	0.122357751599311
1.12388894074636	1.0595836417183
1.15186154180006	1.17471150679614
-0.686079175075942	0.26392677856387
0.0458339541641468	0.0271719584187355
0.0597900359375815	0.0286812472992411
0.0929171128590983	0.0579774038482244
-0.000837794006701516	0.000401928149023508
-0.451988956805263	0.222726481647317
-0.190346098797996	0.0910435177467686
-0.20338917477109	0.109892302435441
0.0924602611523813	0.0266356637604271
1.1870508037433	0.873171194331752
-0.910553536234306	0.496177643915589
-0.55518652254672	0.199213375438871
-0.936801148976921	0.518333477215367
-0.636407355119181	0.352568730232357
0.233539455218442	0.116837918924638
-0.299009299490606	0.189834593248906
-1.21114011924234	0.604521170585571
0.644385808067281	0.240829901832541
0.0267376270203717	0.0056656031801131
-0.185952329519138	0.107839898405117
0.801307748413427	0.353559882018077
-1.20953112491917	0.428641351326218
-1.19048249580313	0.947262822199834
0.0202374303684849	0.00787197564972283
0.519487571945873	0.357569552442917
-0.182041388786855	0.0749728397064372
-0.414064556992602	0.231868430236052
-0.927573701203836	0.404153521181116
-0.566331042593528	0.394431919189223
-0.00105872447090832	0.000539188259158149
-1.05352538565805	0.63365961411569
-0.264591206497282	0.134344755448432
0.153932460330982	0.0596984945425494
1.43360431631346	1.50693128708548
0.886255981740337	0.566127065087782
0.875439314517964	0.558542452488803
0.338979516547269	0.173281669121411
0.132605477905655	0.070479500429669
-0.202591539634158	0.109035204444662
0.0520577915028076	0.0224785635204268
-0.20246875658585	0.108070065300465
-0.81176597058424	0.595931211307916
0.239424910588708	0.119742984428176
0.56535420859359	0.338657953302868
0.65197853264764	0.397612560580908
-0.415515939536451	0.231653477134548
0.00694446443285201	0.0028712223212093
-0.0882709247285921	0.0348241661833582
-0.964709237469419	0.544764195611943
-0.542604492268424	0.280988156037199
-0.354571852191014	0.185894784800127
0.420059656353451	0.340603847818099
-1.03218417825353	0.475433495210511
0.0583302780621082	0.031789324749934
-0.463761659527348	0.267353247818245
0.499942138784574	0.344389586990655
-0.265603923581125	0.132587273509046
0.355335973537118	0.164527222435635
-0.492495329495668	0.212389283103262
0.991139554248024	0.847121660047487
-0.440792476259857	0.21903407594323
1.02486484089759	0.606749295098828
0.295577043557934	0.165897436258291
-0.18936473905881	0.100208387540998
0.620119705726366	0.340303890108137
-0.0851151266779259	0.0334562318431046
-0.825923133193428	0.340092559824927
0.41153822193889	0.169861259290505
-2.45365963962835	0.711852342545335
-0.491287820224957	0.212215659769681
0.462718686272668	0.221465155431683
-1.8990039278605	0.89560250302644
-1.64605845473718	0.696606241948481
-2.16394884241053	1.16168392580215
0.145653037327212	0.0571486929721851
-0.0864400066133706	0.0336718428468984
0.438030469046121	0.182769593337176
-0.489059447490832	0.211270901619123
-2.15541250534461	1.15049925874492
0.933315521895673	0.486554945043253
-1.78330476747361	0.794115684775489
0.235372456239935	0.106585861021615
0.16815665601667	0.0809867133718073
0.61431498613802	0.301638582827168
1.24843754155766	1.00332506305217
0.525609730974853	0.284564040615158
-2.16809255207307	1.16381663598463
-1.66300973408066	0.714108592548434
0.924700661280784	0.713336913630436
-0.286674099060965	0.126194460354844
-0.934633475192709	0.399435033639175
0.32049013683203	0.165007065572827
0.534409092476511	0.286951971963022
-4.6794658249885	2.47919316438494
0.921148599961916	0.723096836284599
-1.02088660875447	0.464884194100461
1.36801072333257	0.73527063992876
0.44877238419489	0.263331463658078
-1.99579352923853	0.990272466710221
-0.301029592114856	0.133505851879266
0.0295074194580453	0.00616449497042962
0.141375952702609	0.06165811855582
0.622127546401533	0.342183801484496
0.0970638373020141	0.0276660259612549
-0.695221178057885	0.333119096258277
-0.130208928410443	0.046340410576518
0.0342417258638301	0.0128487678047516
-0.906749838487902	0.500035690165142
0.166236913964439	0.0723596076829261
-0.658108050168935	0.309510786498754
-3.29680260501279	1.17021335253534
-0.995850671952819	0.323465392152384
0.622360817302771	0.338930347226023
-1.89133346575465	0.894492445100809
-1.20476409606018	0.427190880901699
-1.04214422221704	0.482164442478584
0.645441769099635	0.391991101755192
0.478830208794868	0.230447727180331
0.431550795150047	0.180095784155068
-0.0782392058971592	0.0308159781763703
-0.67957286270813	0.261099764235263
-0.343314991030839	0.181822800772276
0.396349693623284	0.141523203174149
-0.0280090027160073	0.0120579163341296
-0.747568202487041	0.372123472185891
0.00512153624462221	0.00205886950183868
1.47475213672864	1.13758264675767
0.795492892515009	0.354206079083806
-0.405753100852804	0.227233128670049
1.47672615886573	1.70236135877832
-0.277913510927252	0.106044809011139
-0.131608408387382	0.0464154738895542
-0.116169507853817	0.0528941383355252
-0.169627142050735	0.0713209449897743
0.829716688953514	0.631765585644111
0.596125255323912	0.393849454583769
-0.501144381766633	0.25891223736276
1.37681503986015	0.660795047292855
-0.683420363902703	0.328924642263378
0.0279886568401723	0.0106286937224403
-0.152086094246136	0.0534826647827285
-0.182419650681631	0.0873926181012089
-0.268105064978611	0.102401321907424
-0.17083731058025	0.0715147297893318
-0.842640196239584	0.545586505448773
0.0400175094396341	0.0172338438841146
0.62315367408513	0.345574801406493
-4.26227679837565	1.98139897183431
0.740524704377551	0.369639806491934
-0.71858543524353	0.494662500532057
-2.58406990132112	1.6829656937408
-1.20223388105513	0.599716070338979
-1.0389063819942	0.481104533874234
0.278846304645589	0.11191029429681
0.70750004180704	0.562470227901903
-0.168686787196289	0.0704390304638588
0.827650133295782	0.518279723299165
0.00326789083837838	0.00130629896798366
0.197774283139951	0.0681981416188472
0.426103279653309	0.173758879557065
1.44575016797662	0.998930945235324
1.66503036953341	1.04374284686497
-0.53171128995451	0.191768056902877
0.745707574653773	0.515106466195586
0.608063868903609	0.323908029685304
0.962017476145385	0.374153027728
0.238783471321098	0.107447661395459
-0.86270062859948	0.456330407831806
-0.417825383291951	0.204569986733686
0.389446474462214	0.222565623023635
-0.19693930833939	0.094128447849967
1.31252201689619	1.18168507546731
-0.91219907333249	0.497937574160257
-0.0244055536926785	0.0107321164050716
-0.175926940503382	0.0740009523020445
0.00934338150620167	0.00395621085769501
0.746434754087449	0.465883891649587
-0.411244794741438	0.198052433539604
0.294471756265989	0.147816060743671
0.803164445111201	0.355889829722689
0.027722155472338	0.00876612897792955
0.267849625189601	0.1081490513804
0.770790251629218	0.483000658424804
1.47537416246476	1.01942222525428
-0.645176052660104	0.42303410712709
0.17938344916477	0.0611192390171568
0.524070261826068	0.283056945591154
1.41747483905981	0.878718679692565
0.343985317383397	0.159134869247233
-0.476420812314268	0.273118916616015
0.0391711693115061	0.0145489140988136
-0.379010766472986	0.153202619537528
-0.0784127729881316	0.0382582041197157
-2.07890597807987	1.06076250607879
-0.147586304775158	0.0520651671683386
-1.1193040674785	0.53687803727959
-0.276562465997061	0.156682844960834
1.05418823258899	0.907113232414252
0.322822176461404	0.165622260613382
-3.06126365180389	1.03334155880199
0.0250919024781656	0.00545638681757747
-1.13350566301755	0.547681031201151
0.10246115887384	0.0290540104591987
-0.328391247564109	0.173010057310913
0.151568634129869	0.0591042362748935
1.5280697861774	1.29602690794484
-0.14020060004766	0.0498276615813187
-1.13542032167395	0.549922756089493
0.233558156261726	0.11666079661049
1.1872556289933	1.04626964663936
-0.0514964534059188	0.0219615306811711
-0.210907304501551	0.10219794468678
1.19648460410873	1.05652513221553
-0.24998390858347	0.094465811101973
-0.132754029312747	0.0473210301397479
1.09335395376663	0.790505829511347
-0.000376223505973612	0.000261191480713504
0.739649444651582	0.67814111103671
1.40836015182541	1.28641211038691
1.27614486337104	1.14962676207249
1.25594120938115	1.02062707174195
-1.12859832709367	0.545038132583213
0.148956658808157	0.0654718746735362
-0.459094572753024	0.292843733358203
-0.182956082575768	0.0766332122661309
-0.521862416095961	0.185761004529956
-1.45833706940502	0.835830519587422
-0.576889088515776	0.259241872857358
0.731151703355585	0.456738646727151
0.056285219432889	0.0291196238832954
-0.36038216188386	0.167693992678976
-1.28994063084356	0.677167752907514
-1.78844474504903	1.2017102356334
-0.349917453796821	0.163988567572464
-1.71453690454279	1.13795852768365
-0.341725302471147	0.20099083819213
-1.59384138511185	0.991418767827409
0.341864587218592	0.158182877494547
-0.346816212081554	0.161455374670644
-1.70401028203241	1.11527082112806
-0.763955753481642	0.542263825574984
0.536683589185557	0.319231919896218
0.158822943967267	0.06930604842743
0.160609950799459	0.0785945908167056
0.377030370131677	0.174910555256948
0.346159368714251	0.1594922027024
1.67184847360241	1.56826791327936
0.513991901267832	0.274286807509468
1.15051090471758	0.611018155179731
-0.253292625169323	0.0961626538199155
0.609336871757333	0.332018917744774
0.991824922998367	0.647091732390349
0.642893111052835	0.391648500854826
0.956128790069537	0.679109079999349
-1.3035217032553	0.687710170331024
-0.696337798548853	0.267113728035606
-0.293322935004387	0.13014501771466
-0.314213599685531	0.19876409136743
0.0430597175296185	0.0206335421277423
-0.157285722319375	0.0809121670458326
0.517421879865587	0.280551520442704
1.05517112536515	0.490752488624853
0.325575986092955	0.166623659879945
0.834941611012294	0.571767606626047
2.08913028758517	2.51523005848299
-0.268425523699611	0.118539358650179
-0.716901541094128	0.42135674419153
-0.179569704108694	0.0747969877344385
0.465268566418356	0.274274972621633
-0.608954204487539	0.325157934271393
0.438715471707697	0.25312535266569
1.7079048389894	1.99350662742407
0.138728126568889	0.0611113818536166
0.649161877115242	0.510186476405212
-0.407752336225985	0.278889822665213
0.641665954497857	0.428604629727104
-0.284309206995535	0.126488994519341
0.406010436578256	0.255540773220019
0.255169516747046	0.114995122532974
0.145169231236243	0.0767837736413946
0.330878223450545	0.200820234427621
-0.176290905833133	0.0840509676945007
-0.0346893348037748	0.0196508603528429
-1.45558355627971	1.11514331985863
0.416720533288575	0.123395639085714
0.971141806520105	0.380498335838075
-0.482864292591914	0.277019570800446
-0.343033901332661	0.112174647158007
0.640843117032687	0.351570720666798
-0.508304650250268	0.372539862127446
2.06836240189061	2.49651168276527
0.135961636074135	0.0720855078091993
0.345314993298919	0.190290760338447
0.927704473734823	0.727797549149128
-0.381102736858011	0.204793689250253
0.157238810752874	0.111852424315303
-0.153745649699418	0.0928935349277856
1.40161445652439	1.27318135658182
0.753310165973309	0.567229194044796
0.351458589794416	0.263844326479593
0.217889831548087	0.137153532053301
1.03480371962041	0.966638649353773
0.295977494583425	0.148866925026794
0.579575035704457	0.413827475930818
0.427100128841788	0.285918034579799
0.378963842896228	0.218030684686511
0.136444900414847	0.0835258647386974
-0.339598476672145	0.200264357052594
-1.1494523884287	0.549247335874771
1.10880687605497	1.03849323554141
0.428547897099541	0.178671735127829
1.03508068917445	0.818647278715885
0.307525938429583	0.156495860392325
-0.789266791937372	0.390524387828928
-0.187739594724776	0.107722350828524
-0.648531287212651	0.521304251742203
0.0719789334395375	0.0427148101142966
0.604441944620483	0.330826855679361
-1.67698461607902	1.07522288626805
-0.159819830587923	0.0836565151165466
-0.412436276371066	0.283569298471832
-0.716887908081872	0.494722094389791
0.0914230463505937	0.0470959073639951
-0.759858715364135	0.459533108758647
-0.252029638324653	0.0956579077136174
0.252692633566673	0.113837639549589
-0.528590756823004	0.188919795794197
2.02159411461676	2.08058395060087
1.45941131245171	1.01068464792366
0.52444598122913	0.282525480153126
0.344951259248417	0.159664763097302
1.65001405881215	1.28851019610254
-0.917824335106178	0.50274273891859
0.00766528253918279	0.00294630224801091
-1.98673031850427	0.980724188756751
0.0401862746022423	0.0173460603905501
0.211392181024031	0.11538826771835
-0.595316191519092	0.322021637366576
0.231758932401391	0.115715523625261
1.05876453980548	0.905969350906016
1.02124425174783	0.81028437840782
1.00164934744042	0.854740665663636
0.753104399088099	0.460757468004266
0.825738295733018	0.676299449803438
1.6894264120563	1.58248497051531
0.462709375291648	0.272278361829071
0.000480448762988359	0.0000339752805618023
0.514384435521678	0.332124944303576
1.29163296862063	0.874272304593248
1.38816988583772	0.836977105554018
-0.375805035941223	0.151844027751865
0.469709174562818	0.261861713745363
0.0534127204206571	0.0296481442386605
-0.0884668956037046	0.0434853976791129
0.487148368306711	0.312506247405181
-0.978469911402894	0.55393637063629
0.239863459294407	0.119952280060993
-0.174365496165441	0.0999717101131511
-0.71535708457457	0.485395171210632
-0.564236662774963	0.394992003978926
0.734853732009727	0.547260687110405
0.478217423794215	0.280635437800979
0.0992017084078071	0.0281704859984917
0.964134545541888	0.376185212075023
1.29849182049718	1.15664051098143
-1.14083064583694	0.552386012713336
-3.0697378865255	1.03224308864747
-0.807539990248862	0.589243715011752
0.15495231867522	0.0681180903643782
-0.0147148123248927	0.00725075422163759
0.020005083883861	0.00657298968092369
0.0227632091600959	0.0111831589239645
-0.0464380162970609	0.0245338043668938
0.756878416468976	0.519943279481283
1.0414709826186	0.961428878321983
-0.124005278782618	0.0562061102526686
0.746453874067982	0.421775452103471
1.05756150598031	0.619446430104657
0.834248595372505	0.577617904534033
-0.612432512398378	0.334375639427415
-0.825058350212647	0.433802710793889
-1.46343326134959	0.842122712423816
0.0639107182541759	0.0303829151032056
0.904258642926058	0.694885287957186
0.565472404181196	0.401694771204477
1.03642655166622	0.968223867083747
0.509899877087926	0.328313743973951
0.552150719275762	0.328946533532289
2.01574218344546	1.9395162537087
1.38688376563459	1.13975747207994
0.748972474893795	0.376012734675657
0.519646442926403	0.279294686010317
0.543040861060577	0.325094152309919
0.0113760159816294	0.00398878632123654
0.289894676477774	0.16182656978815
-0.263679721642433	0.11727977529731
-1.35398051638685	1.18614184538065
0.648648382794689	0.470639671863281
-0.171011206613571	0.0886387038515595
-1.03419911075606	0.615511895215919
0.636757356615523	0.53743394400271
-0.258013447780176	0.12900679971983
0.593188259513626	0.429926497927188
0.257352021710496	0.184907319338103
0.341153498646218	0.156820335671725
0.280949891714257	0.155637423707973
0.216128655505024	0.107217662189149
-0.27995042750284	0.106495117910228
1.36716408749729	1.13136849513142
-0.517532953704834	0.221006561191623
-0.277866433657421	0.105297538472548
-0.482244083765047	0.207517607410119
0.05779527377307	0.0245298647755457
-0.10044307373633	0.0393349645032796
0.0594034344007358	0.0254368652760945
-1.26119017707434	0.857128033642989
0.747356047174838	0.471190733634109
0.349622433553083	0.161523327586035
-1.36269933572285	0.984023996124718
0.909665059804074	0.76841125511891
0.551054455674855	0.359071000056881
1.19629025184848	0.712522650633297
0.310090688220606	0.158564384735262
-0.147099421484371	0.0441093322487861
0.302036505557022	0.152135428028335
-0.362737377093273	0.145323785534671
0.655471621681206	0.480894450501651
0.623009786306602	0.374547279969942
-0.133878466775839	0.0683148933223524
-1.22394234772671	0.621870966649979
-1.29101019712241	0.676886217812982
-0.490708121210966	0.212306038332324
1.13837034471767	1.14528813410107
-1.31023640131085	0.68934155632047
-1.05122845135783	0.480634762668828
0.50195484598121	0.375701129740806
0.68330322371416	0.638006658584943
-0.353684053418979	0.164925806200717
0.00619315341126749	0.00300437529529181
-0.82647422986554	0.52034125656113
-0.495026193471177	0.329185631333891
0.251592828052517	0.124980583161437
0.55845101025767	0.36490744317608
-0.989987941041326	0.320551526746629
-0.765182166115495	0.467724945718563
-0.915554136960178	0.70960264464541
-0.0035427778342183	0.0017309156749959
-0.463564755070905	0.301154810691911
-0.369100755550968	0.122363568787944
-0.419667711884371	0.107469480338001
-0.407331470133206	0.225940157995651
0.417225874242829	0.148183180239543
-0.744749977408988	0.216662168098876
1.68580840737395	1.4517609073828
-0.326665388742205	0.171889516582155
-0.83309735411176	0.42624758159642
1.20405840904247	1.05429226487427
0.662601304236701	0.403409196632376
0.376381544893067	0.212342914244332
-2.04433316789325	1.65034183084349
-1.45733701332202	0.832791425839091
1.36687564885878	1.55248986116563
0.658853941002724	0.479025145636619
0.126248276966044	0.0711189116252442
0.752456404259451	0.474190012243694
0.6448333166184	0.391644466621752
1.12101464555433	1.03403328312382
0.00154000440822774	0.000723214166397861
1.18395592748113	1.20898535115685
0.44445949251769	0.302127629948952
0.590456802602436	0.451603934305575
1.17535984483388	0.829157420074036
-0.26405852069878	0.17399473150365
-1.95350762866453	1.48818755452881
1.67577332072939	1.31517033251461
0.412634760473912	0.218081595171357
-1.67487539060166	1.07935259059433
0.463254682494159	0.218906990646055
0.157818733300407	0.0768641987782077
1.9625245711093	2.19892111316286
1.95851757222194	2.20105809954601
-0.282731254835062	0.12526743906292
0.323019790379429	0.164874954432774
0.199836748408996	0.068900932499133
-0.515915221272306	0.310906136806943
-0.584132224817841	0.408701218639132
-2.51852148327325	1.56120224688509
-1.02290616713811	0.860927463238222
-0.366332914747561	0.167722973856484
-1.14943158306745	0.55644040521383
-1.04764776334316	0.629812070980322
-0.311428665394366	0.213477248578919
-0.0145984287148179	0.00710588709881778
0.344068840685517	0.212640203916948
-0.00617455670555853	0.00296811263908213
0.509275646544136	0.261709495788794
0.133113664933495	0.0647037079441105
-0.689782340476773	0.266363581080047
0.165151237439593	0.101097648518423
0.00877513695458722	0.00378771793411072
0.451955350580203	0.263977222078862
-0.206587805457397	0.112300718545012
-0.260188515360503	0.130674768159013
-1.13680633978107	0.54182901224722
0.0410927004444414	0.0228043585729965
0.944662133195317	0.662182774722254
-0.191755620265551	0.091233571706848
-1.28682694704386	0.897885034731391
-0.154507431606777	0.0969841327734338
0.393439008546985	0.248448517334859
-0.899458432066896	0.494098947460314
0.710692924889062	0.526504370800762
-2.15384852827042	1.14302351773934
-0.0852381826752607	0.033519672873819
0.731980574545279	0.544290996616005
-0.247354774712677	0.122798675560096
-0.0984660400578243	0.0387377389627464
0.751489899224721	0.604987484936437
-0.0688140329719075	0.0359071049354133
0.0549238231724212	0.02593899749918
-0.404610711188854	0.224294745251994
0.613223268629104	0.300448201672241
0.636654737243572	0.389359577224874
-0.570203492124587	0.351479335000741
-0.884806194144654	0.68010513682266
-0.818737870165853	0.681934648990917
0.391909715782387	0.245048668105119
-0.577213735405127	0.259274442898799
-0.343796960667606	0.182262435524849
-0.020179995495617	0.0090772204769871
-0.585469401550994	0.371398449069895
-0.513557983506276	0.34496508560194
-0.111448927014753	0.0505955515082347
0.732939521596798	0.40801754314227
-1.05888223569483	0.482684111333906
0.293377746165673	0.190197881774044
-0.433678333856431	0.212888486519001
0.695390981968971	0.595848185813762
0.00514404386693024	0.00205824998438073
-0.921591025485806	0.6147912065989
0.192610859321562	0.112830661172306
0.394762687561759	0.140857889643274
-3.51620123139696	1.2940435239523
-1.20473915723048	0.596767244477777
0.249996674354024	0.179141720706627
0.428873804095727	0.27225555559463
-0.077515528004681	0.0378821097113852
0.0715718989278019	0.0395891762389017
0.147353132598936	0.0785088724552121
-1.17314721505783	0.925012661676633
0.849920516407442	0.539627078157968
0.484118207727813	0.280832050022262
0.921058531951113	0.881493429645669
-0.470816121238489	0.270179638891705
0.979411306385154	0.960662368901559
0.0751799310689991	0.0444857616244268
0.632229340537909	0.419357613637858
-2.56955817004775	1.686683351468
-0.277476050076594	0.172102080764059
0.959300507062902	0.690752907762581
-0.733876222654409	0.564764414968623
-0.00736414756303799	0.00347903703697958
1.11992083008823	1.05764691705858
-2.57546045255435	1.69209016533957
0.0168318338104462	0.00824516410161795
0.581145361295944	0.475466713034661
0.853759234111697	0.598592511891387
0.443615510360983	0.325315172700857
0.442752851957015	0.25687914995242
1.47835701427324	1.81223881224495
0.0314688346945349	0.011903859791653
0.254668389512519	0.152032946676737
0.883636722592864	0.740023941780213
-0.0178622538864128	0.00817120756375712
-0.430674657917903	0.211986619430921
0.130466427872513	0.0631653539098512
-0.278639185144191	0.158595819886915
-0.235380743098063	0.152236906627654
-0.784826781736585	0.488361420572068
-0.586000219161173	0.315838837597237
-1.48519199080295	1.14607415652988
-1.66026590693188	1.07434816599512
-0.727195940760488	0.500741284980268
0.4773812893112	0.280445253772969
-0.509385782374517	0.262312239880183
-0.126329693020267	0.0572584255880823
-1.03027413093993	0.748548293939542
-0.712903416089438	0.422228974260981
0.406358873193688	0.252014846935298
0.851805632349702	0.762414495067296
0.0248814111719695	0.0123921680215639
-0.298294415291062	0.13171469929486
-1.06022542344574	0.636515115383776
-1.88858555179646	1.38649512448876
0.285815140742147	0.159719079028658
-0.298085052242644	0.131633507659217
0.199370108245364	0.108442656614559
0.280110314568705	0.155443747707359
0.0269865063122689	0.0143439217282522
-1.04020629153787	0.480194963999909
0.638949410355812	0.423415912532752
-0.0234142542133586	0.0115389209702748
-0.0768994357863976	0.0407201657856137
-0.355403095560606	0.165301080022876
-0.797753654399596	0.495020553555129
1.26232113893954	1.30996917182084
0.666531631250765	0.488656752404662
0.477433784134554	0.329368772886606
0.606427307627109	0.532904200645535
-2.63100721374039	1.77076019629769
0.203173098133012	0.119051280528542
0.645654968919813	0.396619417355774
-0.0067974717128579	0.00317627993255646
-0.758926733660251	0.381572029524194
-0.670337512725303	0.321719775041581
-0.837540662923803	0.694012611136637
0.400782780930188	0.268821743630729
-0.650843564540687	0.573080148384326
-0.0718506607429829	0.0381479388384557
0.513958763821047	0.360482743696793
0.570942179648526	0.490511483308535
-0.171383470560729	0.12276309343778
-1.01900524122998	0.866718344507367
0.0099284327934366	0.0042951161282545
-0.136039229312948	0.0484193905747098
0.454372865565042	0.267220779788233
0.289068261752816	0.160465138966214
0.328884042530707	0.16902423749291
-0.100160440155855	0.0610182616436707
-0.0771165836762821	0.0518129845096859
-0.648468332806163	0.366143961604753
-0.584958419781526	0.315857240958096
0.0306845413424137	0.0096773362240458
-1.14715650374522	0.547224197575233
1.48838260796566	1.14166867266944
0.291060112327515	0.163894650880382
0.740464322330326	0.553788267239566
-0.580209851273791	0.405842158525898
0.426042890443029	0.222799108938777
0.237007246603349	0.117427702581891
0.00831032983401388	0.00546804539260674
-0.437082655644679	0.273537368349738
-0.180196012398049	0.0858908542835467
0.482960693869881	0.421147105253444
0.229874119931738	0.1703532045245
-0.160294749710701	0.067228941202436
0.0917103772916014	0.0545819732306288
0.15348099097739	0.0748587572098512
-0.68400101928821	0.263071221160255
0.474523547343869	0.353048199142321
0.112597356170734	0.0637950787095837
-0.594343567183747	0.37946409479363
-0.022471414537502	0.00998829053704106
0.161869158567777	0.0852710618987359
-0.172460068902472	0.0995796074312598
-0.190925688436975	0.0908276534794186
0.0707067569591481	0.0364542437959228
0.370231001802747	0.213363978277188
-1.277175423628	1.07082228905477
0.00865968893220346	0.00365963174705379
1.69797860148451	1.58318650213667
0.441076996257264	0.302736009267906
-0.078677932639321	0.0478414495940688
0.502318973491081	0.375416476238984
-0.00173086959873265	0.00101538257330625
0.140534909238164	0.0681730820795869
-0.603325548164294	0.384768784429153
0.0537417939166346	0.0255109187639117
0.956865449761186	0.868877051730692
-0.321594231395775	0.21943331060756
-3.2358069699305	2.99146446449639
-0.112044535510704	0.0514475123128789
0.588541423947684	0.386096600997163
-1.81922953031436	1.26472215610935
-0.332129432008636	0.17503925366619
-1.30116973898371	0.688870199215763
-0.90822757584123	0.605914898796622
-0.0930738210983863	0.0532014113098837
-0.0329425187898546	0.0175484331713452
-0.137073165963393	0.0707069579023484
1.21197968143625	1.39587828870785
0.514215096604786	0.277186336414508
0.304566648346076	0.210549124765535
-0.373899578963157	0.121575142860666
0.346652659776865	0.159954837842342
-0.9058101642469	0.500921301517136
0.144231762990655	0.0565780560163301
-0.571575488896702	0.256406635066397
0.649183502956925	0.397909985771803
0.295073709148105	0.166083766851142
0.206896585074487	0.112002224254621
-1.29864497107049	0.676597800319877
-1.055503962545	0.624992541076342
-0.26769959103726	0.118993597443387
0.133379292649435	0.0523302184136503
0.377856009781381	0.215642176413028
-0.157356847210519	0.0470091994076585
-1.35016389791958	0.97650946295452
0.32639835209284	0.200199564498244
0.214295677108753	0.106231110267244
0.90749951546567	0.699440750551271
0.0128905846298853	0.00519107478408805
1.13717211073037	0.758707109022673
-0.380704770735246	0.153966463057571
0.97000948003729	0.378800459085669
-1.33923130429717	1.18342442541116
0.377783525770472	0.25355790143834
1.84932282944026	2.65678477723225
-1.12844443561104	0.547643657383452
-1.75348005751	1.17366020501236
-0.98869001532907	0.693153760871877
-0.930131208929471	0.403354468147465
0.251608465801124	0.114571442016352
-1.46202983369404	0.843665054195763
-1.97224380037397	0.963690543794142
-0.124200330860838	0.0438808582735473
-0.186646493315767	0.0779388304373232
0.486227510197007	0.233796306810963
-1.66906419515668	0.720359922421091
-0.114942412818301	0.0405954012024373
0.389580487194621	0.276343868596027
0.663095350148717	0.488523001631933
0.0224785027916842	0.0087231554339577
0.412906457865752	0.215784441218659
-0.215084706036311	0.115571840033493
-0.840980643382638	0.444032134487546
-0.505708982998556	0.260375262084584
1.42628419497879	1.30951270845144
1.13163822498673	1.06135312457303
0.731398021144934	0.499914733051551
-0.291058197748533	0.12974481425896
-0.184362366322791	0.0771438781900533
-1.98336736148888	0.980229135328597
-0.583222048474179	0.263086529388718
0.633485271157542	0.351399614660874
-0.748859272611846	0.37557587940056
0.300065574060831	0.169012739261809
-0.264344759897738	0.0978419134160062
-0.189873364112232	0.101687319489868
0.758701977509227	0.427014618355103
-0.71875691001752	0.427689337021256
-0.320471650686426	0.166046450145186
1.07736407185313	0.789530898528178
0.940716126082669	0.484649590447789
0.654383258571648	0.402622802242245
-1.38753271998667	0.768756203293888
-0.0675207600413644	0.0384530844028912
-1.02286171458987	0.46053535474557
0.954904829342871	0.687191258370151
-1.88109255368425	0.881080827559865
0.884368487782879	0.667295220463051
1.02080043424174	0.603382978202861
0.756003575746422	0.381168676538626
1.85567771772497	1.60737214558286
0.0136976317378267	0.00465658895712128
0.299242359646883	0.15119675524989
-0.288327623947897	0.16580969236793
-1.30471020301235	0.683416597665573
-0.67277025178768	0.319264254472093
-0.641332385438122	0.360657060859631
0.466031834133017	0.273503966811855
-0.582255940280653	0.364127759092366
-0.0991233503934269	0.0448332024149185
-2.31314462457842	1.3396468608369
-0.437411996531943	0.215429692842727
0.88511025295327	0.511523212656083
-1.51787341575165	0.904954548497279
-1.30159995647172	0.683844259580289
0.211537458046077	0.104724927120382
0.299027113892218	0.151746059183151
-0.6864463267639	0.331634886745665
0.353216824951405	0.164253254592069
0.238376930380919	0.119015990297145
0.553034003399739	0.391212018142833
0.217750821626458	0.118234375758751
-0.278911241097414	0.12512102991414
0.968537747917797	0.625364167247208
-1.36820932978416	0.738587778449087
0.87068426133694	0.77038547312645
0.966577953190441	0.628169757000638
0.665758388102626	0.552379698948433
0.0397805431240314	0.0148084215977635
-0.905250033574596	0.491605114583177
-0.35571476224878	0.18923702503446
-0.377052926871914	0.151902948797115
-0.583841399725515	0.31612406032768
0.0733527326579871	0.0308374934558265
-0.162326810401577	0.0674733089606084
0.158045875432871	0.0691928220961172
0.363773518799772	0.243063863479106
-0.173286244671307	0.0903195364596699
-0.228020552475327	0.123559013161965
-1.29163091167374	0.896882798506442
-0.0219250210551701	0.00962780599402978
-0.920812033098488	0.398233587466046
-2.17612389607499	1.84812199115484
-0.354980393244722	0.188135581065398
-2.78685698204813	0.871481146816449
0.637504805920704	0.236913472805327
-0.145827369123445	0.0439226099360308
0.292070021789096	0.117567999575029
2.12286843444056	3.08478177994027
2.27590912405674	2.78445602375061
0.277555110437664	0.180064346947771
0.0541123679266981	0.0231043959906632
0.464289362139946	0.220316749069918
0.309850227314647	0.172698462474962
0.742598061414841	0.553822735927905
1.43016414518729	1.27048892035552
0.842953710602509	0.798971688887953
0.365120633811917	0.244836328829988
-0.256949009711322	0.12837582199352
0.503349331946371	0.424024960099614
0.74932578487623	0.513921169396651
0.473160203775367	0.276200824761732
1.49542797323568	1.15572694878996
0.159626484174903	0.0841167863638513
0.487528422680665	0.283066418829565
0.376280759106228	0.215262658736532
0.471715354746226	0.27753189852772
0.436256732190647	0.29716991774655
-0.140201092825593	0.0496318054562581
0.326291900453726	0.224768513986266
0.732300547615786	0.550384934836445
0.592403371895653	0.390460874179313
-0.664479913081989	0.317806795893003
-0.259009739952487	0.114435379651567
-0.0704888072916884	0.028226899778055
-0.02320277938493	0.0106195273880641
1.74332162901173	2.46553176639156
-1.52980488719638	0.908129074929903
0.771182831133675	0.385636219925772
0.663980918069888	0.52046380406824
-1.40273935849942	1.03758958791803
0.428377538075259	0.293675294661202
0.152546715251991	0.0674661584248762
0.119338407014729	0.067665295696928
-0.94682942357262	0.648108394171875
-1.23337181335112	1.02545080409782
-1.59698534612902	0.974107611772607
1.66285725172762	1.41624469402272
-0.486950398169993	0.209889761650023
-0.542955112768285	0.279635965583107
-0.124553589850197	0.0569889035881288
-2.13211008519392	1.80578562015854
-1.03211389955777	0.468644877892194
0.415354495874194	0.21784818407164
0.931134258196865	0.476036706416265
-1.70204386541714	1.11997071052365
-0.75803002356032	0.457779422958356
-0.036241101621316	0.0154968369678337
-0.267163311929745	0.118649777141961
-0.144682609332168	0.0657785449867925
-0.643308880701984	0.36402223056387
-1.03422895325997	0.747955097004717
0.719522268149939	0.536993175001819
0.239922670807711	0.108541998098381
-0.506002861351297	0.258366670884785
-0.763193673823732	0.386073781752805
-1.1707136901429	0.758005731775476
-0.907317277076854	0.499986141247019
-0.0709525537727845	0.0370381206413853
0.755877280798019	0.378760227651072
0.460352389862014	0.269793267984918
0.569918380759059	0.374448884832334
-0.154790139936377	0.0802995705633295
0.109011629681737	0.0609854505906246
0.641110021105102	0.467859837434669
-0.185754039408779	0.0779207788008237
0.140424783715359	0.0553065889997215
0.0134877781758681	0.00575755473964129
0.0898329892808034	0.0424292577200528
-0.477585813565493	0.27775973978197
-0.528003380166264	0.455354893639925
0.28709973768916	0.187434782816712
0.432753599413088	0.295337374586526
-0.393825331940435	0.24373349295875
0.375179118943184	0.213456359753028
-0.311847216239657	0.228775044887177
-1.40046710111802	1.03539245229942
-0.596810613637413	0.378122466167297
-0.755865293504361	0.221639601642794
-0.0757982674252957	0.0457612310700009
-0.74261828664645	0.214835443343017
-1.13350566301755	0.547681031201151
-0.26891193596446	0.102212660633981
-0.685854513412873	0.264840823727255
0.239111393015604	0.17070723753601
-0.960072814410323	0.665784683500611
-0.190110621738312	0.0991000178719104
-0.561132904130324	0.383659017061629
0.100554895151894	0.060456791396516
-0.42800057393953	0.269684503525311
0.0029411990678234	0.00142957299822623
0.401984917231779	0.251555906316506
0.372859360204779	0.295220793180447
-0.283463120574883	0.187346436885295
-1.65925932785268	1.06805846843706
0.32365716350763	0.197922826164815
0.249038470463915	0.176990022877756
-0.88084721811235	0.548201752989501
0.544859320768483	0.486002246096816
0.213396523543468	0.124742338016851
0.840779549204598	0.748308277426158
0.245159027035744	0.110660838435558
0.243767388981326	0.121730194560901
-0.183770588989562	0.107231836950511
0.724755475112908	0.719408456917329
0.298397617896248	0.205998950944537
0.370788707068775	0.17104289927068
-0.00402219708959177	0.0020155190295006
0.512459140985509	0.275708090993352
-0.440744599844204	0.21743935193864
1.15686655195538	1.17814850886659
-0.418594786136204	0.234914985767494
-0.727204344942835	0.429291571552981
-0.0702998924014615	0.040095584615742
1.17106665518574	1.2640901854634
-1.12953807882066	0.700695511253008
-0.0119525503199924	0.00558501548108727
0.082652224714131	0.0494582541976958
0.36996659379715	0.264669159929635
0.316713236977504	0.221632810619792
-0.724912733340148	0.570039384083343
-2.77940120039318	1.96642409638998
-0.776289759549774	0.478060637561957
0.0596620789176149	0.0284540393857334
0.212860645595808	0.133483682834016
0.121896815660173	0.0778429687389098
0.492196415294037	0.392184888278984
0.243678724363492	0.14376507665312
-0.327891168684337	0.170664117495961
0.536635284468271	0.457543262732256
-0.134760428885968	0.0613283543677677
0.741201510827923	0.554509189947797
0.419141398627104	0.217939174845101
0.39782902383751	0.207776646633075
-0.840785153888333	0.44242267243567
-0.326873587427158	0.171473215675075
-0.0350440632879135	0.0150936529755479
0.832063657237774	0.581112809333722
0.472006852459055	0.298450166304845
0.77496378578701	0.608143566624142
0.0139825194327668	0.00683487440077845
0.421015943996785	0.265987726453415
-0.22050198983041	0.119044532403105
0.863499024636118	0.776403237711812
-0.140564626578024	0.0498634291436983
0.12323323749472	0.0652088662976209
-0.568929729007355	0.252761762055216
-1.32424158876691	0.935541076251127
1.43630268275821	1.43611228920791
-0.0360200185767157	0.015559828005177
0.13257054888586	0.0644541638414883
0.502144235867705	0.350381893417792
0.257663533044061	0.128360098851092
-0.275643886931072	0.123186947206333
0.643356986631683	0.564181116687997
-0.262751004721178	0.132445637052038
0.23271679667139	0.115275984338511
-1.58259803592529	1.32233350017824
-0.495727619731441	0.212731047793982
-0.253033372941973	0.177690375903272
0.958914637388928	0.988170263309993
-0.0887238005960004	0.0566701953714587
-0.183048149571843	0.0881586272375601
-0.279899238428936	0.170076691070577
-0.50763311385776	0.336846644981501
-0.0687098890112558	0.0363754768020598
0.0274751565785031	0.0133669140359919
-0.372574132033292	0.122783646940201
-3.05287001113773	1.02304183401478
-0.743735909603116	0.217905998946694
0.283152294690943	0.111973411477124
-0.272861727044797	0.120593063278532
0.629630144282434	0.345874502117586
0.425199172550159	0.311593609060082
-0.0695023027419122	0.027897690446928
0.726695092660336	0.582023003398942
0.0924695950328067	0.0471981402603111
-0.263197738653804	0.0983763765385989
0.42688752585477	0.310180807500831
-0.0983699594412155	0.0482064140347641
0.37647636328936	0.299711204591348
0.141062556738818	0.0748835542987285
0.156336725973918	0.0686619061146065
0.065708915133751	0.0405207368296187
-0.478992728157449	0.373314724043536
0.868810425415132	0.777007116942724
0.26049660327464	0.117442750725786
-0.095074767163087	0.0468209875915034
0.0123580694211925	0.00640146816113332
-0.648546182755488	0.527269245861897
-0.102003524691156	0.0629298147792505
0.626914488110309	0.555997809414722
1.02295985174222	1.12734724672901
-0.0452753834262962	0.0194244111156153
0.587939958887708	0.559841065972104
0.314999736521513	0.204764214282599
0.233863597096745	0.147209337145369
0.339528613882198	0.207915905168821
1.36981398105756	1.12521050213783
0.305169074699614	0.156084553330072
-0.665284967946333	0.375951102797544
0.788953948105872	0.634437594295837
0.344683318395394	0.175405076769876
0.826799356871098	0.630965836722262
1.62780526268511	2.47268545155662
-0.987032904516755	0.692226123602396
0.710251784579446	0.568567662556523
-0.366245191930269	0.172501314226644
0.052373178836312	0.0271612954035644
-0.119350784802463	0.0546511506280389
0.133076251761125	0.0763911704188983
0.385783309418364	0.257993771744528
-0.287976232152723	0.164231641768281
-1.04753511655124	0.632572506897413
-0.274005568448308	0.154825259278869
0.0857410792982395	0.051141940676727
-1.04437228754557	0.997019074810447
0.409240013133807	0.297111568641518
0.0486830075428441	0.0316549521283339
-2.15910277206164	1.14448646167154
0.48544240865933	0.36358788848409
-0.922807137354184	0.512704556756823
0.231647742048222	0.137109573901544
1.23028605953084	1.01020142112976
0.769647257464295	0.428731337442572
-0.481707728438884	0.346095370193462
0.345770000990598	0.213917243898426
0.534018774970769	0.448278001482152
-0.225286086471183	0.121910072958279
0.752073723519048	0.37679791839722
0.98616635976484	0.83606503886398
0.223646935039712	0.121902423052277
-0.842282765469852	0.444478410664146
-1.06547468539462	0.919266493031648
-0.282623876166436	0.189853311478901
0.486593459680873	0.316488510078739
0.0653920195863959	0.0312401002256241
-0.655875438037808	0.309355036631834
-0.0720571141902414	0.0411908325296025
-2.37615770192264	1.40820001842426
0.332388774228617	0.258185047320195
0.0680600994750771	0.0321794036541256
0.92394448186491	0.716219630876954
1.00239635841651	0.655762660924079
-0.300149168260174	0.133410993685089
-0.57679719220109	0.310616300562335
-0.225688834756873	0.123397711520701
-0.634782227887424	0.407252966060817
0.78980274286166	0.685451756475882
-1.19807698851736	0.96001295145805
-0.0254249388766291	0.0136247088773363
-0.97182988190536	0.555746060283116
-1.41431822372086	0.778424689537804
1.06536076054406	1.06746611758317
-0.208907201911762	0.112481398321623
-0.213202387435368	0.1333009356179
-0.439596901990807	0.21625534894512
-0.529376177381516	0.419872255836747
-1.99349325159627	0.989234338164605
-3.07176495661512	1.01524296743446
0.849961978109389	0.591201046200055
0.148242620481659	0.0584754895540952
-1.88820408942831	0.879191005055694
-1.52126446022075	0.613550350979237
0.0501011792045048	0.0289683529990584
-0.506474014840721	0.217797265143101
0.2528134055517	0.113323043153246
-1.03960873417813	0.479493245790971
-1.20416882604968	0.602538467309392
-0.0125252132640487	0.00655656240815747
0.454215973237764	0.267955625166041
0.511634952603412	0.270829950990933
0.45406612580766	0.313328406611641
0.489686560661162	0.315237120336381
-0.48505136300631	0.314334788080085
0.675679273713359	0.609532373024768
0.585258083058684	0.416832640763116
0.374092264100065	0.296229585504165
0.649524834075736	0.437896067294399
-0.559153364374102	0.298626225768398
-0.201380844996201	0.108726204336835
0.484290999975303	0.403813859947567
0.500644477951531	0.319707669751881
0.740288511259331	0.592887074454749
0.42821072574954	0.314055925465032
-0.887168941682444	0.687788609632795
0.0107389828394031	0.00522445403315945
-0.0991738997179276	0.0608936430387448
-1.18268224323789	0.760671676300482
-0.658850656629254	0.374919406927628
0.595753232878835	0.424427356795018
0.183487715895206	0.0971813985862566
0.212511599587529	0.104583631618215
-0.149232297338039	0.0830599594116253
-0.0152188847715486	0.00693994435693892
0.300307229806691	0.167415845251783
0.132943329019029	0.0586215857193229
-0.0399644199688276	0.0172708405308273
-0.464716629205699	0.301520540591738
-0.238490843090643	0.143141160753308
0.054220072290582	0.0232162239595994
0.320346110547018	0.165299276306024
-0.476217056066661	0.27847152551984
0.226404518378685	0.152762684997509
0.336334855620189	0.274648394801605
0.0436162629527347	0.0187923608657353
-0.41057259599226	0.227726511686663
0.464051010448801	0.272052627223246
-1.26862993826239	1.22425112469627
-0.412597175670794	0.303941659858514
-0.745623445163623	0.36866073178328
-0.28039672299428	0.158478737643237
0.0846928782245033	0.0401489706452971
-0.608946583840489	0.526059437034593
0.0605077001346427	0.0254963297649387
0.487950898248349	0.233864221099905
-0.357970241747264	0.185374822734057
-0.102941156866371	0.0470415573999162
1.12817917767997	0.745628003555569
-1.18858684324697	0.765042926177014
0.241665103258264	0.109358009886955
-3.48623961405347	1.30403521115243
-0.15851436527544	0.0878658515375253
0.649368623543911	0.395546365645443
0.465114770485424	0.270948965345429
0.00723565399189425	0.00275551715949851
1.26383623305783	1.02414335815748
-0.516614895424967	0.267355400633052
0.345561824258763	0.160240287090085
0.7430454296498	0.462015317076376
0.139082844154945	0.0609593021627573
0.661619213556152	0.481455755199099
1.03277993664066	0.61241137715794
0.0815301097806149	0.0385123412727816
-1.99818562770378	0.966769798929997
0.303099587169825	0.181425722747176
-0.51894022420485	0.270045224618723
0.418053502014832	0.173659270261427
0.269397663223827	0.148374014147907
0.161758675976867	0.0711167214460599
-0.76463656671935	0.382184951682123
-2.14000528180102	1.12870584993302
0.330543225076592	0.202982515220381
0.562073851880942	0.390988588185889
0.128477872094551	0.0564151133144932
-0.659738091967263	0.370576752635088
-0.419294187450231	0.233626547658944
-0.893879274348777	0.483586479618841
-0.347599473517243	0.204560774026786
0.260942045621276	0.116665269513944
-0.797761980084613	0.491884425586091
-0.083038442909305	0.0330416962919443
-2.07282217636112	1.06746904636876
-1.29639175453348	0.905134279921389
-0.221617963558257	0.131910545921252
-0.777740866657928	0.473919965856456
-0.513858688829222	0.265961259866475
-0.918019968426296	0.507624288863067
-0.381761109542706	0.154383985733061
-0.90860864747639	0.498159366290182
0.806070434783815	0.606134211277084
-0.390665183363845	0.157930942728246
-1.53733609161441	0.619889277698469
-2.00420963487977	0.532996948485302
0.426660964131406	0.179114206318877
0.0214998353969618	0.00693145109018063
-0.540742497653541	0.195208053267246
-0.931624135863535	0.734651489840115
-0.101623223945326	0.0459011381040429
-0.58195736402823	0.263440320727649
0.991696921250463	0.647079516535749
-0.00378467566827349	0.00185434269247457
0.654353586482239	0.514287443086753
-0.304812050153995	0.190693868824935
0.536037279178523	0.348508067735434
0.349175339063176	0.214301437203138
0.0871105333737207	0.0447836867146198
0.145430372559038	0.0633260775772039
0.600016315396613	0.290774921133353
-1.5095559658757	0.888623768494043
-0.432652393809133	0.211652444426244
0.0707555243221547	0.0337908937228774
-0.107689534321618	0.0489232789662661
0.226944677119456	0.124492524581621
-0.327749897330705	0.17198695917262
-0.53898837903228	0.36606856658633
-0.483515920990665	0.208398048410838
0.743515953959636	0.509665395031208
0.0658476932743045	0.0311980357401474
0.223128162885919	0.111418545387245
0.331844542622415	0.152976707849319
1.59300880538824	1.8387289396109
0.940488630847389	0.672682682003557
0.860519990312563	0.546230138716766
-0.834882805541111	0.436617698893087
0.396926547306976	0.249077761096458
-0.157992919881237	0.0808301270087329
-2.93215041641626	2.30118625484077
-0.176186998221873	0.0735857440071724
-0.252552379290506	0.126359686679707
0.256667273602854	0.128163244898136
1.42166437599826	1.28762074818305
0.816683943900666	0.36718659339475
-1.20234503039256	0.975209985229601
-0.177846020224315	0.103423734355681
0.197137011335921	0.106959965012046
-0.0689404186015245	0.0338484415746481
0.989156628775479	0.770830693758466
0.0336109082258891	0.0125979216037526
-0.178756782745341	0.074470767023845
0.0175085908166507	0.00582182035928661
-0.605597271553901	0.272205258896402
-0.828570191923993	0.432178914137014
1.01347938818895	0.658290872232269
1.44368973798881	0.999015714420021
-0.760837061044931	0.381734639989892
1.03019806306049	0.815707378274927
0.466597593846717	0.224397359226561
0.620849773621941	0.340899375736593
-0.827747554006121	0.425924403584003
0.752151640711696	0.377457703557122
-1.46135283923739	0.842049590643451
-0.181382608880789	0.0762011675952002
0.753357338287311	0.37673865307482
0.276635209095459	0.154507537213594
-0.583916754956596	0.263471960941694
-0.539092786919605	0.330189556571031
1.26687305542689	0.852129678633263
0.14623702307691	0.0632630492046822
-0.573444500722752	0.26015246152663
-1.1405145039544	0.544026528090988
1.019668986515	0.804420841767026
-1.04147527748209	0.480374514370319
0.998009619807752	0.781060043344845
0.426155276804544	0.178967081560133
-0.258332250830228	0.127515092950389
-0.292465591248199	0.165716898166421
-1.85107735983105	1.30457486501941
-1.47281894649203	0.835495544857724
-0.0477451150063829	0.0250014818003969
-1.20989743371482	0.792085144738259
-0.160049452851898	0.0835794513144122
1.06379269630194	0.771806901705007
0.473467722066692	0.306217392685023
-1.66600450189301	1.07843223680965
-1.42792334814484	1.07050877611558
-1.00448059959346	0.922778316598775
-1.02728321527262	0.470603058945352
-0.735476468718111	0.434789195172507
-0.0317888192586236	0.0138054786587786
0.301474576072881	0.168142847233148
0.0565155528583733	0.026838806268813
-0.932374104210744	0.511561590962083
-0.265854580919717	0.131907617898523
0.936243750029382	0.480821593128768
-0.47231615987165	0.201271637749983
-0.447156889174722	0.219181932638194
0.3601598429657	0.204799976252428
-0.218459790328022	0.10406515043458
-0.0294013103659172	0.0126462344331405
-1.0627257604836	0.625863701395947
-0.26043813294176	0.0989392825279102
-1.37205020419315	0.520660547748031
0.655537051057237	0.24372667094284
-0.0172557369178031	0.00782856155493026
0.041706425427328	0.0153783690101381
-0.640213448101169	0.358027559742357
0.267390928965262	0.107175634068911
0.420042099737646	0.220557437859118
-0.578932617379729	0.316879617853951
-0.993205504109629	0.688929235092272
-0.215445297999438	0.115548320961368
1.2914341399624	1.51998834657495
1.27786249283225	1.14824023291002
-0.0391861664403156	0.0166997893501007
-0.413528028417213	0.231282738532884
-1.6265949106787	1.0151002896539
-0.115693451479346	0.0523363298314779
0.0197240340433982	0.0096772895986979
-1.77243103005625	1.20556795732425
-0.569781366572468	0.301688606562196
-0.0990079835953778	0.0450811882865227
0.257227146797006	0.115662319203849
-1.84695402427051	1.31758727564524
-1.3006426735604	0.686199449835928
-1.02951373299696	0.468675137179882
0.664762866864833	0.408712612711466
-0.0128030963680252	0.00594998461697252
-0.766944194036878	0.386847572563353
-0.876765249853082	0.658243087432119
-0.585177361789831	0.31491882327686
-2.30785341924366	1.32198345692276
0.223117180400249	0.12230895660868
-2.22898988199056	1.23233645329623
-0.969955562548961	0.676520707353894
-0.67458494395785	0.320955960639609
-0.519469504048423	0.220606484278608
0.604644360243806	0.329703107154093
-0.114969999309664	0.0680746192890022
0.566921813140444	0.335870626634234
0.312980664584609	0.159167706263643
0.25115500740734	0.124111413865954
0.132521037127589	0.0517758790856702
0.0288547733445376	0.0107972130758243
0.187214791336958	0.0647926668347184
0.129943556235541	0.0573429408466889
-1.19879037940755	0.423333161306436
0.0282311294882686	0.0106538985111764
-0.483529300777771	0.204678793874273
-0.424924869744541	0.210195181127025
-1.00432330222498	0.577451179734215
-2.42688354477057	1.47470205502121
0.437066911249894	0.230301694440495
-1.12026428528497	0.699902180872868
-0.442284726402497	0.218273212730323
0.421090951077857	0.216133482612741
0.48750609517582	0.230478976875829
1.27748071236546	0.870493244031773
0.642279307764207	0.356681437760115
-0.0865369535059768	0.033882029801811
1.38814284840383	1.26337139965244
-3.79642299452308	1.55207719460843
-0.694807836093682	0.33564608051226
-1.44767845616566	0.82375636468381
-1.53591160139495	0.922119080471951
-1.83129389989325	1.31246426703768
-1.51162381200735	0.895091044567139
-1.38634029028224	0.767190421219653
-0.486439098132865	0.210400707769843
-0.291527880451257	0.166843045226539
-2.39540251907213	1.42629811592601
-0.0758447761376497	0.0403174261179841
-0.590587034567466	0.317255184213976
-0.357907087726793	0.191913120875242
-0.588147860142857	0.314685401042432
-0.217650651584835	0.117931223371772
-0.0937991558741453	0.0455955664283067
-0.166781453649475	0.0853894666111539
0.574819620504955	0.378842842347235
-2.08185863665156	1.07243256482471
-1.77338073472793	1.21584654074054
0.648184918309067	0.510963198870288
0.445794224058379	0.327673030925154
-0.277110366671322	0.122615379982004
-0.522729356261474	0.316669224112894
0.274060555477712	0.110801304833478
1.08190335967463	1.08793317850041
-0.119123620299268	0.0541061301883516
-0.775897381828466	0.389196959732855
-0.174712890537351	0.0833419438058696
-0.256635477437278	0.0968462527889364
-0.856294297230282	0.442073582027056
-2.61163114589511	1.7437658286411
0.555658657707513	0.333319595869318
-1.01866993760641	0.723288392144264
2.04284081322245	0.852419849154864
-2.79313321217189	0.863214922909878
-0.402958085468848	0.223829344744916
-2.78998998906064	0.869900039860106
-0.533496628735783	0.191196825067479
-0.0340579460981513	0.0145730449876377
-0.677217146611508	0.325131587458975
0.660713232576649	0.446585333137215
0.283867631471322	0.158627421238786
1.22066032220492	0.740981205228391
0.616287781436311	0.305263099914844
-0.767237553194966	0.380056022564798
0.378040818248239	0.236320884451386
-0.403952776000192	0.22340997268433
-0.0786903094087938	0.0376305510293378
0.1552057515067	0.068484403668628
-1.35336895605764	0.981981688901534
0.222928098756673	0.111589853724832
-0.0394173671988614	0.0180686748075926
-0.283873839407212	0.17760073274912
-0.934220364252983	0.405253586383718
-0.321866238628877	0.16922204491419
0.439404178179033	0.184089954352392
-2.32945548962642	1.33687130498553
-0.689952509788531	0.267154306691885
0.653438778061117	0.397728820243757
-0.342302456810399	0.182458593600216
-0.4025572530715	0.268793865713412
-0.512488743164318	0.265846019631409
-1.38631738671896	0.763640161355907
-1.77929164001376	1.22398074688453
0.66176262321617	0.447639105509971
-0.182278938047487	0.076086303199919
0.472449019146645	0.224625532267831
0.00224651079074546	0.00149860962578344
-0.142347457463302	0.050417140692456
-0.489873737051285	0.207280953802218
-0.918733923493152	0.397748929781815
1.9086960780283	1.37718923481074
-0.488219431976686	0.208146173103751
0.0158618217796013	0.00537396324322174
-1.67277060614012	0.71203740056172
-2.06694452727633	1.05994673880243
-0.147663448751056	0.0521634436026822
-4.52108427183416	2.26166833976242
-1.38670782365665	0.527119316460444
-0.693950150153483	0.266524192159461
-0.109220071125584	0.0490181787248638
-0.124214566680773	0.0565111751643231
-1.88261406484968	0.88859722410684
0.244941317051731	0.121741376433123
-0.13651396666282	0.0698783269531133
1.1376665511671	0.926043587428605
-0.389065136873368	0.158765006031476
0.565345261353351	0.339204043613358
-0.363905002039025	0.170582631065003
0.309691186696533	0.158291924828491
0.354796149612481	0.162869801878139
0.149076341147904	0.0723088329258983
0.406430886901635	0.141417428243157
-0.0325573023873078	0.0141054137677601
1.71761889710463	0.960578972740892
-0.494493802318896	0.213521663947081
0.230855008012577	0.104409953651768
1.42887592780371	0.872028292307184
-1.14496143189781	0.553128161650528
1.15878275829239	0.619509439119252
-0.325973750828228	0.170972537576869
-2.16377483353938	1.14866541197325
0.766470226473988	0.388421268375775
0.155612606194796	0.0831064651121722
-0.411936042364102	0.228362308156249
-0.676951649414573	0.445289802664453
0.667110937669989	0.453219456691848
-0.158440256085417	0.0464417847479013
-0.0149688181261529	0.00687283025312168
-0.338740915268534	0.179994495974492
-0.00601966417486074	0.00291910790258494
0.040401772951971	0.0175903142190551
-0.355868282783941	0.16634672766154
-0.12743749181223	0.0452775068477622
0.871265142487731	0.496742455153185
0.364133070385758	0.16902636938722
1.12970600918561	0.602006975914476
-4.54828955163891	2.28042416882138
-0.196253531263039	0.0822432861639173
0.398708533422253	0.207726785964707
0.427075530107142	0.17692604704733
0.650949122736748	0.393487198079822
0.555752899695994	0.326823001375207
-0.985202897523788	0.553345697154449
-1.12187715430954	0.538493384585409
1.05904022896285	0.476502232324799
0.866813506152076	0.268038654604682
-0.139899761192284	0.049331946708188
1.03587004441795	0.597599018057354
-0.156924473021367	0.0463254084795695
0.895909255012267	0.517351677875102
0.0261340867203584	0.00997653382165526
-0.00169084233172342	0.00078591494830229
0.0105408910001689	0.00381749331736824
-0.261583233977866	0.159726690246317
-0.675144011204511	0.258914702797386
0.0505434042536005	0.0214675216719223
-0.356220354667895	0.166471870575425
-0.267560100316851	0.1186579140326
-1.04285103373248	0.470573511829776
-0.262116839644486	0.116680928228566
-0.64905825077088	0.363485776378815
-0.460438086191648	0.26472608743755
-1.52621431180001	0.615956518063657
-0.398542619004144	0.220668224412119
-0.809994515229849	0.332038030502557
-0.376642672442727	0.151377482647656
-0.679533881315229	0.32488480363871
-0.951512053751606	0.414906642539194
-0.381210185576907	0.23071654750779
-0.270323876417424	0.120203883197811
-0.501620279929318	0.215899901926393
0.53860707052851	0.312505253097433
0.506212388575528	0.271426698745022
0.137932205773917	0.067252566769748
-0.288196430579808	0.10901947994381
-0.123207055942461	0.0439075154817244
-0.586850229236762	0.2650391130481
-1.24108064412807	0.622839044224997
0.240364080014726	0.119768253558666
0.0195369938193732	0.00639003836362013
-1.46214926521735	0.839638124960426
-0.528629797016511	0.273688974650966
0.00603618483727263	0.00298443027605629
-0.0889262136854746	0.0351685042076227
0.761798555879871	0.47725756965462
-0.44183515924853	0.219552062425088
0.504225569940558	0.269783379292094
-0.117110834017763	0.0414860881888048
-0.269576071859924	0.118739924988393
-0.352237722775869	0.116376418582663
0.240201322134725	0.108415861791506
0.853700956295991	0.599315301582934
-0.37516127209397	0.225928870828788
0.0641248769477676	0.0305063097555345
-1.93656122793545	1.45935910963457
-1.13325927457654	0.860471609634858
0.294613803810878	0.163921430696778
-0.0734516226347609	0.0390543120995184
0.486263799620053	0.313725079854515
-0.158106397474123	0.081023099904875
-0.0634882002031004	0.0309095308581252
0.446081303975093	0.303245446755989
-0.078723305826519	0.0307198209536992
0.0982221118963615	0.0507744272499261
0.564046630416068	0.37136873880201
1.0290195273201	0.815065816825237
-0.717869054660187	0.494241616860903
-0.635245951594851	0.51516281921308
-0.861771021428495	0.738939028222745
0.341786571107812	0.209922493057351
-0.751661871443667	0.52682142322687
-1.12805333329465	0.865658271994159
0.574976455362587	0.445002446268605
-0.443385206466803	0.282084673534854
0.0736792350081851	0.0350637797953524
0.0820296236261096	0.0491639275345488
-0.248973589205206	0.136250470296981
-0.154625024066949	0.0939625766692277
-0.806094775018357	0.585665759405384
-0.710496231397809	0.473429705705502
0.922954714086756	0.723642052788809
0.329668892885505	0.266411008685411
-0.664042799997147	0.595245737127064
-0.40181634274729	0.248691307285584
0.139055158989227	0.0792983852519255
1.82965644087387	2.02402487616665
0.667985087960437	0.523740243600756
0.422759611010238	0.345366464236232
-0.779421753602645	0.474983505387613
0.231866214354001	0.155285865347007
0.329689761639791	0.152477524238621
-0.709171270091249	0.475888285059718
-0.871439670707923	0.56205117731757
-0.00317776528485077	0.00154912975962698
-0.200892034457813	0.125329720517749
-0.266934823470463	0.134879776019149
-0.706554551052968	0.48668879853477
0.425478364592536	0.126770084233026
0.887442642625607	0.740754523220178
0.149669862555128	0.0581557729930823
-0.587697717204932	0.267747341725407
-0.0294013103659172	0.0126462344331405
0.254411404298948	0.198879439706462
0.559859470449501	0.481738248864514
-0.825931245068107	0.523971002502023
0.437638499930515	0.341086420227446
-0.0108136570255366	0.0050031137869899
-0.911218714129319	0.610318182474324
-0.276514304140168	0.22030196053891
-1.22870545171599	0.827805784659809
-0.795316282003146	0.78421438066532
-0.964130192318432	0.545912254223874
-0.158023930876993	0.0803274115542559
0.116815366172725	0.0646749798588267
-0.272187371036224	0.138840678227057
-0.258227471817381	0.129556538127404
0.242602269276259	0.144721211659881
-0.525407199330487	0.391862106463167
1.8327014855025	1.87958219293992
0.0133437789942782	0.00654627549901475
0.139930135738547	0.0897314265720478
-0.565211611211462	0.392160535294449
-0.523433995455953	0.307989329040454
-0.097850092475775	0.044598267983556
-0.447275469989326	0.221442587191801
0.466166758046378	0.273549394114196
-1.30987705861486	0.925597861240442
0.452035273140082	0.285423047944659
-0.178788929057796	0.0743666153932762
0.0553419234761224	0.0266094502825285
-3.92491058190647	1.65113463493265
-2.08903527704293	1.66383259242884
-2.9571977162522	2.38166877449227
-0.723368170524733	0.429070144200011
-0.285338177519712	0.160184670565906
0.135818388470686	0.0662796199896451
1.11925664231287	0.893216504797722
0.653656538902945	0.519451807023213
-1.14456112711553	1.04168831915713
0.393856573882622	0.2235446504071
-0.402307425463279	0.222899132335024
0.298849057104641	0.166794419927091
0.619673269697996	0.477684123756485
0.580179063665828	0.384398340920402
-0.487499188665575	0.247042684128529
-0.0721077656180471	0.0381155424589627
-1.4445396699393	1.60589444927153
-0.289041726912628	0.163877569236708
-0.407245189455769	0.227398635968827
-0.117962174342738	0.0646372649948572
0.23158831652293	0.14643322491725
0.58688876010322	0.478999878749084
-0.717648541279848	0.425742199595928
-0.492168940829346	0.356883280436655
-1.1173753686717	0.697845892478856
-0.222591539332824	0.151419041445904
-0.754641323810764	0.591314177764164
-0.179528952707757	0.0849332261910617
-0.483431595150809	0.284337687293098
-0.00319084709280324	0.00191546290121544
0.160882409397536	0.103512005843335
-0.454975507193861	0.289863762962675
-0.614267237204416	0.391471138061118
-0.0682534580908194	0.02899757974985
0.0708203550112496	0.0338707588332234
0.211213142122913	0.115519356995606
-0.416990402027172	0.233865581860996
-0.290325815710993	0.1665562666929
-0.688519828280912	0.331053009814233
1.24860337312502	1.30120528122923
0.48287626026413	0.421493356203859
-0.54940714350821	0.335687385015185
0.221599384491494	0.129898714513735
-0.12483158795476	0.0695361193832284
-0.356970286134109	0.233020170325466
0.751705122223205	0.799824303900844
0.325947928936402	0.198862991729289
0.458334521332106	0.217429089967682
0.74909359243288	0.471254107825421
1.28599102532453	0.874024291986434
0.731322738223351	0.544944661199446
0.0807020675009451	0.0448575083586235
-1.05912726983976	0.640365312412358
0.696030963644745	0.626397609941714
-0.0983057777709766	0.0574323033996292
0.00686450981492095	0.00331154504478728
0.357366610193157	0.265632576129587
-0.313911941510844	0.163266162057984
-0.196448026501342	0.115492042398042
-0.578114300091063	0.316284181544181
-0.0415801465171381	0.0187740483225105
-0.317526243666257	0.203294200748467
-0.936586832009804	0.632976770465425
-0.131854159295327	0.079014825779341
-1.22369796778958	0.81091903121632
-0.590745018730331	0.32003881183145
-1.62185268157186	1.38825029780087
-1.39737730290975	1.27166450841487
0.336769946777256	0.173635169035074
-0.253368093493175	0.16466985588519
-0.17874030447788	0.110181691904162
0.711891560935128	0.572659627507128
0.656851447328416	0.405413682708024
-0.0154156311941136	0.00914294648444285
-0.0801250789057584	0.0394854348735431
-0.123687591421436	0.062482431773026
-0.376839848926215	0.151261651645793
-0.545784928390149	0.323293777694375
-0.334590193679074	0.176833232179856
-0.489545617807735	0.210374132633847
-0.187160121824146	0.0782494275212586
-1.44397453085255	0.82528958705636
-2.43133827905364	1.48337345488273
-0.262764897740361	0.117525027892886
0.300960807780406	0.179547584984868
-0.0455386178751649	0.0195287576410285
0.469170092838255	0.224476631287539
0.914241747967435	0.520317960580025
-0.675996094470415	0.321613125512473
-1.31346192868962	0.694389898011599
-0.249282384771317	0.108693797950253
-0.771202711312126	0.38781384413836
0.213013354919005	0.105130105889781
-0.365007613026672	0.146564719422301
-0.360109480740412	0.191118180140713
-0.56094572598282	0.246667451760999
0.486114223185231	0.257720234273195
-0.0254593686252633	0.0109752372984865
0.542159021307583	0.324055993185919
-0.923354586932207	0.47793335870066
-0.0182077385581014	0.00815812874781054
0.732760381276666	0.667619626153149
0.590428182686808	0.423739492919291
-0.262878805091016	0.0984933640254115
0.449030036433019	0.261730980814834
-0.0324066436161518	0.0140863934180584
-1.38141973363122	0.754326215163298
0.750914528817202	0.421952752988534
0.364536747320625	0.170698540708072
-0.0651118364995332	0.0320436547926161
0.394294182629047	0.246426754382626
0.297536437952139	0.192390488315706
0.13845835544045	0.0671729523896644
-0.000435735307335052	0.000384101902727097
-0.0765730925134547	0.0300320623278745
-0.162100269984326	0.0671233269115213
-1.46477702526589	0.845182494510622
1.52904797067619	1.41913917250467
0.285725401576262	0.172785843957544
0.49211163582027	0.317487648766483
-0.845360860653618	0.446583657673536
-0.585045319597427	0.265193962451311
1.23449392510325	1.00644734692175
-0.364888984771515	0.17031750176289
-0.276729737911271	0.123032288324747
-0.529174317659171	0.35959436602835
-0.497172902498796	0.255311536592823
1.38119055415706	0.651481672646229
-0.415141224559584	0.200506488439238
-0.523098185326111	0.187555017099678
-3.81218884236119	1.54956275418038
0.200723723963612	0.0682785481727835
0.68690622358622	0.455974394282677
0.0316370406756516	0.0184155091962717
-1.45944259477569	0.839007498969933
-0.370863042584379	0.14980880679474
0.151901830086558	0.0808190712155139
-0.527645720427602	0.317283636492797
-0.686804884158218	0.459351014719637
-0.426053900045735	0.239845871851069
-0.18338473311347	0.0770256410345284
-0.675098406013871	0.379334161076117
-0.76823361158487	0.467080270637816
-0.18631159367273	0.0773262777730512
-0.63171427180617	0.407685698602266
-2.06444292497619	1.05700063350147
-1.77692535854646	1.22292188630403
-1.78694937393801	1.2375163313398
-1.05037170805324	0.4813571933877
-1.23055220988374	0.988903636259489
0.0593571525774657	0.0307338787404172
0.0355622134117162	0.013377801092059
-1.44976897832324	0.818639139873145
-4.4686293053142	2.15643849745239
-0.0325704786550538	0.0140948748151898
-0.684045664279571	0.32802793475999
-0.265212503847558	0.11602331437007
0.985970753402647	0.83709610592241
-0.4018246670763	0.162043355721256
0.59086215131734	0.254849369374828
-1.67436999720415	1.44429045526497
0.475981359507665	0.277118571031931
0.241576893044894	0.120152871078317
-0.917186519654899	0.976077530615671
-0.826640417974451	0.518592607923228
-0.511013579999122	0.339755905202122
0.0810802167119825	0.0499716624565135
0.113380332869579	0.0634180803571639
-0.788457595066086	0.708005583802978
-0.0469405026255396	0.0246233018496046
0.586071856865691	0.3878925330424
0.224942878410293	0.133638358144368
0.791894556348701	0.685836532618637
0.0602010470545062	0.0333134252271148
0.894877839847128	0.751451978163533
-0.421451758295146	0.232786520775284
0.943208901894607	1.05830324273024
0.507799974861279	0.385558771072485
-0.105465266997324	0.0577579857798606
0.0193747653445437	0.011279771123481
0.209138334239982	0.114080188075014
-2.17652802531143	1.16436742069703
0.962739334484831	1.25549193362926
-0.26522211979372	0.118686225142391
-0.0789330455685068	0.0478964198813962
0.325294065538529	0.167595850752425
-0.184596306777872	0.0877676272775812
-0.202262823798628	0.108505687506
0.374669925920972	0.265366003727116
1.12810005588096	0.758500727519992
-0.329395044487077	0.173996293369955
0.215811080879668	0.117762219594338
-0.848720466971284	0.448733593416159
-0.121578476094763	0.0550507026270402
-0.186386119309595	0.0882838695122544
-0.327119929908447	0.169535602771297
-0.49790805063928	0.286756268554097
-1.84379068656741	1.32145405932881
-0.834988968420056	0.437020763725901
-0.883610381116149	0.67415640921817
-1.21069262819628	0.609581201509995
-1.10768722858983	0.825377355171273
0.332380964788079	0.206091122469619
-0.141433092892032	0.0790038713200606
0.193537767439833	0.112872413937718
-1.25831477567369	0.854378136833489
0.0574687210149109	0.0272459852146775
1.67112201104165	1.57092170152751
1.02385960954601	1.25067387771916
0.941007573492699	0.864192431282781
1.16213672162826	1.19217821635496
1.51304427228014	0.500809837039873
0.12941765881287	0.0687468063132343
1.04629556642685	0.482347851433544
0.18302540731982	0.0630575719595925
0.38771361933309	0.13875858458589
0.208793420529961	0.113090927591499
0.755345867206005	0.517852835755133
-0.251726778521241	0.16257542328771
-0.000325016931097371	0.000354023512488512
0.762012820254354	0.479004296976086
-0.339521965423216	0.179975730448873
-0.904968251809797	0.499493856800495
-0.741451262270602	0.439264421748379
-0.170459499017709	0.0968045710912343
-0.152408443756276	0.0928086024256978
-0.127557710639055	0.0755954096794818
-0.262974630343828	0.172952871746289
-0.376430019589531	0.267556628326473
-1.0356215725489	0.474710217884447
-0.0163512093065086	0.00967911493673442
0.670093510098262	0.52918796426608
-0.430463945364941	0.267968600437568
0.440833600618585	0.300655288704817
0.148652664534011	0.0789805903161053
-0.438957248195587	0.212682151641277
-4.27970686752885	1.98043933524488
-0.0984159328313088	0.0481245450693908
-0.251114230864046	0.152906702076871
-1.12477626148893	0.700024821233947
0.723300646389521	0.58710809032617
0.198195529228787	0.106662092241946
-1.58478550261352	0.983187649617285
-2.29118144655983	2.10031619777468
0.51694860511176	0.270100593685286
0.679974141006581	0.456104698355882
0.068379691932299	0.0324395648657157
-1.78613686297784	1.2283302372957
-0.840956983421947	0.62193175322349
0.33101498631906	0.231174222109134
-0.207971804018725	0.146291806869333
0.3224070340188	0.196029248631397
0.0900162112495987	0.0594194580781747
-0.223233872384111	0.141196295649413
0.793046985608604	0.693580114212484
-0.756023588696137	0.533956562426459
1.44455105114098	1.84744163178066
0.0696522364572144	0.0448424661114979
-0.256193217595637	0.157356386871392
1.00072348991367	0.850782059038188
0.0124330915433569	0.00734110088746749
-0.119363663662104	0.0548055232301068
-0.111609989942523	0.0660314577885636
0.81859769037235	0.768104799772299
0.329335698658693	0.164883987725868
-0.270416937199976	0.135522653925231
-0.406401513618572	0.225024399721953
0.00974270569894242	0.00473980497589217
-0.740992419814876	0.507834645609322
-1.11324917868141	0.689562134735291
0.0703570640847109	0.0410054898510779
-0.751828033380624	0.534001960935654
1.34949566420489	1.93275146839371
-0.0329949425140347	0.0143836142091496
1.52582074940208	1.25973748258652
0.0846187639083571	0.0522336388359622
1.00745026321553	0.928586390505105
-0.367179624775455	0.149166857935486
-1.11833752916445	0.692832971587438
0.0481712377174065	0.0205810479003068
-0.0240991873606304	0.0106582977024719
-0.359356115744074	0.215495582939948
-0.075308079872329	0.0299002479965654
-0.0694061143650291	0.033778211289497
-0.506168426000613	0.292153411764524
-0.718455593900235	0.428084078394521
-0.205792032339952	0.139035570693911
-1.05430028927776	0.634621587378822
-0.74413366348823	0.363697379011878
-0.247021762419357	0.123498114663899
1.98857445964	2.9945863696127
1.56846910469415	1.70943883479642
0.489552000032007	0.313722727825173
0.804250762708542	0.349969362176879
-1.21261626773353	0.429075988486757
0.251949050422925	0.124952340320731
-0.413750698225483	0.105178516563889
-0.144318583473729	0.0434796583156243
1.38551672220274	1.16650247637552
-0.0917302796509893	0.0415797444065367
-0.39673646578831	0.287027701440446
-0.599356888181975	0.375239057622916
-0.223544949704853	0.121890873022219
0.430695169582346	0.178181341622762
0.0173168230390809	0.0100662869897696
0.298756873318447	0.166370640949564
-0.490699477508474	0.433664302299724
-0.377788187453175	0.271502737102898
0.60401404759101	0.435333901181037
-1.03567793416285	0.608601986671182
0.230057453893536	0.126043415495171
-0.337969795734916	0.179513714509052
0.564414010227525	0.457129251775928
0.0637092298758423	0.0354120866924221
0.134777504308469	0.0588265016316577
-1.11717502144374	0.700436773866088
-0.111258653455379	0.0507073730229408
0.342097780885959	0.241850882231879
-0.0558268591817276	0.0296650768967002
0.429627880564568	0.226139800586542
-0.875247395558037	0.672006153206945
0.166975132927888	0.0724318923789398
-0.733476300872874	0.505471710059896
0.241008747415151	0.12062789463317
-0.114644612015236	0.0628899143665015
0.355000008650497	0.233603927268618
-0.843626077625465	0.53584459049412
0.520766473199233	0.391988477572091
-1.22989815376289	0.825497072182028
-0.831839189897345	0.531344993726052
-0.137778001411983	0.0824287391475157
-0.518686643452124	0.441220233470165
0.488203922946446	0.343327625533057
0.41274395111021	0.261976861147361
-0.392369211682946	0.212726036735857
0.676047242450976	0.718184394850064
0.204853856311844	0.127268093607563
0.491374551321863	0.369426631689647
-0.0519870538950131	0.0296245019923689
0.126307229756027	0.0554571272357575
-0.0568775577399244	0.0298176724934709
-0.260663963911791	0.130404272447777
-0.821714829459308	0.429336053256619
1.10307869101285	0.956708733664234
0.117503292397674	0.0665689712905014
0.463467364301643	0.316030427904447
-0.0452531864441208	0.0193848469139032
0.137285393351022	0.0719602825620253
0.193877632350437	0.113092003697291
0.065030663522095	0.0423432438887997
0.104205850355939	0.0586475392332017
-0.126602856235638	0.0449023589965115
0.861204556568845	0.542166719111897
0.991208655506012	0.635835477362954
0.0647625251829409	0.0309953271220982
-0.260143333573649	0.131295993958305
0.213366038825867	0.141141519787193
0.0876686048757283	0.0415926001195625
0.22785980572361	0.113692735994497
0.057299324691532	0.0270644404631697
-0.101335352576778	0.0460054633152234
0.0738184998227623	0.0382622585823054
0.153020448632426	0.0599281625461426
0.942408770527169	0.488413474666315
0.0155978081100006	0.0095992149800488
0.551345997059305	0.352033053991168
-0.584784629391921	0.408369991652124
-0.357123706443554	0.210877935713615
0.138511531279643	0.0728471555344938
0.224291082557121	0.121784707017591
-0.952501233188704	0.649603750881299
0.820026751541605	0.674789471332239
1.67413076508427	1.95258735218498
0.0277528147449949	0.00881492131863416
-1.67729864621903	0.714406822501261
0.0105929081105245	0.00389985411267408
0.144838893648757	0.0562436937665263
0.592402523067872	0.254800340115695
0.0995582604479187	0.0548213532997691
0.0881613864425882	0.0498348661597248
-2.30840967105992	1.33053943099432
0.0329893278271208	0.0123596923746288
-0.141179907377999	0.0493927148861347
0.154464370333294	0.0604582168460562
-0.102736999693986	0.046716478925698
-0.546249322288516	0.375177872571479
-1.2044859455337	0.939884026004686
0.348344674452499	0.287866374658893
0.724336684353147	0.586036583996961
0.133551426092338	0.0647548741466753
-1.0092991404243	0.809718271955568
-0.510526114478751	0.290066466210937
-0.377409128733855	0.248756959231494
-0.145566429472278	0.0511682307147
-0.07699714753051	0.0306895526977495
0.739887931826095	0.417527922167457
-0.800363111555682	0.484754281537831
0.0665790721965634	0.0315988194172868
0.222070138840469	0.121516437241148
-1.44713488195872	0.826444495702145
-0.750212161236807	0.367672070576415
1.35420260874206	1.12937079002505
-0.280664131148069	0.106588190502264
-0.518530018232979	0.268605675642196
0.816469691463985	0.710244501018367
-0.45948191266994	0.286756372955716
0.144922633749791	0.0700677133107347
-0.243134772497394	0.14688854646421
-0.0876788745720209	0.0427924233212896
-0.0666474601633635	0.0370659045277096
-0.411267658925987	0.258608011706995
0.158254342558404	0.0774188598465888
0.553110595776917	0.391911686945552
0.556727134469187	0.330473967262642
0.42517603968222	0.265561326409531
1.11657530127434	1.26427469848323
0.25520511799426	0.153821945342833
-0.719114724843923	0.423822450915185
-0.473648571141128	0.276588545756212
0.141395690824486	0.0750564083075301
0.171707803399148	0.0834380491865718
-0.409003740513663	0.246321977281019
0.358410206630148	0.203783881673598
-1.05731230005723	0.636676222787969
0.192610859321562	0.112830661172306
0.494924439198569	0.322105327148382
0.440268438463618	0.358701985703237
-0.60018637419561	0.374456446270564
0.147671660332512	0.071510387955409
0.569331193911294	0.409006272783109
0.0625989923715909	0.0325539088779609
-0.0869808815376263	0.0341758158997069
-0.417577405244251	0.231436515581555
-0.102642782931823	0.0466617489243386
-0.388437120317021	0.233667906966366
0.342324668490684	0.175656397547942
-0.011990103114609	0.00561079969072184
1.03176527098306	0.817752477657458
0.146926747270126	0.0575467543653522
-0.536722339138489	0.324859266797123
0.2728940388493	0.110494578514233
0.928514925729884	0.728041239777458
1.82452750096158	1.88088422836437
1.37068388467532	1.54902000379079
-0.826403107950733	0.434970774381439
-0.825204730815703	0.525543079752385
-0.602693632127622	0.380048173904924
-1.58322567608397	0.977128513030424
1.19325671188861	0.892695646932272
-0.166112980511415	0.109196433440925
0.500846604858386	0.350307625769879
0.837647842675109	0.642201023160572
-0.414591443861129	0.105628145214898
-0.73373397432399	0.214274547259684
0.271180957575645	0.107755579219596
-0.959419314726935	0.416433722362363
-0.535535957508032	0.27199501932662
0.874721495179408	0.563465695973078
-1.52584321138445	0.6196662241405
0.524894612170536	0.343137385330163
-0.209258196218593	0.132791376717681
0.15319404132201	0.0746444407902103
-0.0720474187899652	0.0381771138912222
-0.313345607109328	0.215339351712234
-0.00375812331143426	0.00208816440025088
-0.907914122422054	0.885713639186648
-0.168014866498847	0.0868209730256586
0.280051442599328	0.114167738751308
-0.302316122129778	0.170800312793988
0.864008327720727	0.54781732860828
-2.06178954276342	1.04976738846478
-0.0602628350919863	0.0238878910778521
0.859737075827421	0.801208446594853
-1.70003466098501	1.47390470497534
0.265467193560951	0.168781529328143
-0.380216440524025	0.17835273841826
-0.450773423642208	0.316709029314112
0.860556773614631	0.552554394359268
-0.157215812422606	0.0811499097281523
-2.24079542222663	1.2445558512551
0.35920254698222	0.165838988296137
0.945431228755938	0.675250316375233
-0.58343884497438	0.266794465235163
-1.46579504285798	0.846038384455764
0.0638495340890776	0.0270855983763763
-0.501076802878227	0.215640427380401
0.88435985264784	0.510164114568803
-0.576010340251487	0.309525132167358
-0.372589239965994	0.197708512215199
0.253269696194218	0.151905218035619
0.337281488071016	0.223350648711296
0.424192794474883	0.242456940338351
0.864345851263659	0.557641395201797
-0.573727949314649	0.309860775015047
-0.162424125073189	0.0672825874743446
-0.847975929761604	0.546494831798773
-0.0875747588723668	0.0432904835359194
-0.200303115284603	0.0947880429717565
0.0433719398381017	0.0185941986991034
-0.889239858801096	0.682552652390159
0.279400350027946	0.18035977844945
-1.9990768407445	1.56117550165474
-0.586259670837473	0.316004805320716
-1.71335235622933	1.12401634950488
0.735754616997633	0.459787466842093
0.182770835225679	0.112976811854116
-0.538309275069289	0.326648516524171
-0.935773283501221	0.410794419513651
-0.76417439453466	0.385306291165661
-0.511454648234962	0.265318745731135
-0.0653572144578197	0.0322230094793623
-0.649864051180171	0.366166046493842
-0.0292610246540281	0.0127906115668001
-0.275053765667966	0.139043626820374
-1.89839791393591	0.891443106818297
-0.0412885661435298	0.0223007235294687
-1.36808642670852	0.746036259483456
0.0357545917361352	0.0154888597542791
-0.497560346709413	0.213815020513901
-0.487607564491636	0.210088407601486
-1.24515930371846	0.840850875548464
0.382075743045142	0.217925148070592
0.193346384413466	0.0658325802132502
-2.23800670184398	1.23334316594347
0.129636288160372	0.0629607603411462
-0.123851504359813	0.0565730412019911
0.508897421570578	0.273509193416967
-0.380832131067627	0.206125650276457
1.65350999538991	1.03424828487947
-0.0749677540948618	0.0368181297597165
0.717937849990915	0.577140119293226
-0.2583083301796	0.13065179387512
-0.203132232666529	0.0974422339644696
-0.00020591768797103	0.000221053684194208
-1.13377935119905	0.544511458556821
-0.894948383059008	0.485657786979713
0.226272412944058	0.102407622238419
1.0062598702883	0.791959440878879
-1.02806524944079	0.748389647364317
0.807912761025324	0.606530991933079
0.212374483487035	0.115413857651154
0.0571328886468869	0.0241491612300322
-0.808608286852659	0.331629148632758
-1.18323038872691	0.77610472771262
-0.508718425087973	0.260610636146168
-1.89133346575465	0.894492445100809
1.14141333128236	1.07629245155731
-1.30062265380185	0.688726429592825
-0.264866644612867	0.100283453689063
0.664888411495166	0.445123307850529
0.21498426735508	0.106767426593548
-0.994888345684527	0.578636263929475
-1.21838393689529	0.616175132277132
0.48606836829606	0.231238243216643
-0.101348181473631	0.0462974302484459
-1.1823173129655	0.745275353275841
-0.582624359499462	0.315795088077073
0.171945031901172	0.083644342016069
-2.09435258412515	1.07132000875427
-0.575804288070873	0.311658735471216
1.35969844177559	1.42359470126114
0.87723925442901	0.50655773507993
1.06285899690252	0.779107468684255
1.1023044484825	1.01783268957791
0.944944999463096	0.731001023906114
0.33592210594179	0.207815395696463
-0.490808864710213	0.283967241320463
-1.13451880318711	0.544230828641826
-0.907121391496104	0.490689654088533
0.149572644964859	0.0582344272382699
-0.254712365383344	0.126697829803731
0.0678563816867782	0.0286651996009677
0.245767445063523	0.111978091322416
-0.117493936091333	0.0523766540074898
-0.19407674997361	0.0933438775049746
0.142300702603131	0.0760673227262114
-0.191012933780225	0.0917721930551585
-0.19132857673697	0.0919006718705906
-1.5443524437818	0.610069256072007
-1.02888468559819	0.472413454161132
-0.428349689989192	0.108955435794743
-0.258881689363236	0.129076648998105
0.156304879490579	0.0608928779871298
0.940904907210088	0.484915653450678
1.40613397067705	1.79509096758867
-0.346472499853162	0.160072748093334
1.12040330601941	0.902172988007945
0.226817495881102	0.124123729359265
-1.21972725675895	0.618669186860566
0.750618223938104	0.465714684922401
-1.83252729806403	1.28701592008293
-0.266537650172242	0.117031162354489
-0.575172215145142	0.308040655241554
-0.120861453137031	0.0550882530520717
0.881072550291894	0.730134268316979
-0.01642156024565	0.00747494604723611
0.150322262462995	0.0975815431512389
-0.267707447693293	0.134715636521567
-0.789415391289956	0.567974765760128
0.123665347356036	0.0651373425444745
0.361775857226302	0.207403316263251
-0.272972054774346	0.13780744399244
-0.0611978621896977	0.030073264106539
1.32533538434117	1.29916363423474
0.183160245390845	0.111698638317161
-0.765264093653576	0.380957373760736
-0.76018762665044	0.38515793072589
-0.315748162443374	0.202331774839175
0.161514424661411	0.0791460102855534
-0.034751417418113	0.0147418285231297
0.150098502178736	0.0734864807151124
1.02377462158876	0.940539002909635
0.0473578824212454	0.0247136987585066
-1.16032738318406	0.744950421755267
-0.593657714685367	0.41828638118268
-0.818520283566286	0.58963011701216
-0.0477710469524897	0.0278946718336765
0.059215792702842	0.0283134781703991
0.742237071922102	0.463981866736864
-1.29186726564881	0.890574158671343
0.560918042615752	0.371928021677389
-0.955342184081735	0.660331843019225
-0.769504178274286	0.465526856869136
0.0616698230401691	0.0295216703129408
0.00173808110686381	0.000601194417848995
0.292389829886946	0.188550653597286
0.50873535290013	0.427928515926456
1.03916032979327	0.961066597164393
0.239193310891407	0.130500759521771
-0.501215111762433	0.258151171681212
-0.67458494395785	0.320955960639609
-0.36355221626699	0.169968252811182
0.048677666746026	0.0207432980878428
-0.473860939935322	0.27679564342855
0.494528807985365	0.395068803004039
-0.477804926599901	0.20370446366792
0.81976969069242	0.619610905752873
-0.376489418349045	0.151507637608903
-0.514151055045424	0.267668482176917
0.403182518502975	0.289562452096771
-0.394665239247184	0.24380204423875
-0.273788309896042	0.138200805934428
-0.528656996544234	0.320610592417336
-0.346030875159298	0.205323493412323
0.503123955970848	0.353274988442793
-0.214346435576269	0.116440225142505
0.233541092702159	0.115804059056664
-0.0188715259306239	0.0110617963191086
0.418649903448329	0.221490491185012
-0.140564626578024	0.0498634291436983
-0.127704128631029	0.0451638996113929
-0.254838145430659	0.0962394737613204
-0.702160549328541	0.270294837503337
0.0762553199401845	0.0363636362329097
-0.812928105052524	0.333488767403307
-0.371343651951191	0.174619259533836
-0.29067222917061	0.128487210246535
0.427128713290398	0.223845918908511
1.10128488050522	0.958998648832527
0.178474192418389	0.0615013966655966
0.0266142600061966	0.0102184442884618
-0.891092360624121	0.474944911699186
-0.593714088064839	0.272417739254835
0.608769771991163	0.298759952662169
-0.541947863249877	0.194660179303527
-0.58803150652854	0.268309204243835
-0.154314795002559	0.0465254528256695
-0.495496308036339	0.213124079383117
-0.831118719482967	0.43886214452851
-1.54111709070995	0.625379111052422
-0.262083259229392	0.115400163902193
-2.07371521230329	1.06762767212085
-0.270261765602404	0.120402567881093
0.0607959067448298	0.026038881091095
1.19530270369139	1.06397075128597
-0.187142103454392	0.089589871900432
1.28028910247406	1.15599403008995
-0.594328312186833	0.265447153787592
-1.22400427710479	0.617227710142984
-1.36220261950032	0.739843652614689
-0.368949978328135	0.173405652841027
-0.675811871336459	0.260772645505317
-0.545953074617287	0.195346210449909
1.18993846354208	0.876752153137396
0.430753816588595	0.181431965837737
-0.345497807694236	0.160449269634144
0.0548691178355374	0.0235610881994189
-0.326109142982581	0.170130595749782
-3.79903033063595	1.55527313725731
-0.347570360027297	0.181556658612404
0.363698217904055	0.168630922472967
0.0166402061342886	0.00565069743669965
-2.0753057780651	1.06110532515621
0.362773447486612	0.168023669466785
-0.501833926893834	0.25556991241909
-0.373599757276479	0.14995553071588
1.02221529923916	0.798567620450421
0.770216174804623	0.387189249205761
-0.602102045939	0.275332491696832
0.47985111561279	0.230395841905073
-0.690172376399414	0.333193657507955
-0.151997864300334	0.0785003870555528
0.280051442599328	0.114167738751308
-0.106362243290583	0.0487729432282697
-0.911405801156343	0.50141155488751
-0.724164630720061	0.427808023298293
-0.256040672120048	0.1282086853513
-0.921491828086585	0.400427224424202
-0.149475008035117	0.0889738770593896
-0.385755850939135	0.210614982426861
-0.662218955332244	0.376076520252459
-1.67273263777702	0.709904527888961
-1.64014224000253	1.04396856332672
0.586738093963806	0.455808205703331
0.367778556824062	0.243724714251819
0.845947520276592	0.648335582100666
0.376268354034433	0.214818861352983
0.762182685584985	0.475688386489424
-0.346121145426173	0.159137158577768
0.336958308536675	0.173006109037052
-0.0605794466255132	0.0296268794575043
-0.353426973997035	0.167135846535605
0.37620942644694	0.215531626499817
0.328251754511093	0.168152053318173
-2.4443883045953	1.49590184510303
-0.990790581280566	0.566073642538078
-0.199690961778512	0.097048057034753
0.225438034481837	0.112554633103126
-0.379826701226403	0.153497273331765
-0.119828121733615	0.0423922941704597
0.240541797784671	0.108568176654682
0.40450419690549	0.254251343544884
1.19127338612303	0.889211984455564
0.943896185567734	0.669899511954724
0.832217630867247	0.626415314480987
1.44857023840562	1.00092071594645
-0.281127298789524	0.123852599055825
-0.0864398534893941	0.0425491541944474
0.14859545611963	0.0713737328908359
-0.0204642705281394	0.00912186215614273
-0.284309206995535	0.126488994519341
-0.433875565257238	0.214622898590649
0.641062911052987	0.389760579837478
0.216789378646941	0.108301900171692
-0.104002313864674	0.0474471915376759
-1.24150790867727	0.633420947186825
0.810303708714687	0.365290071676144
0.426256017419769	0.222803580255867
1.2240245333081	0.978215181062865
0.815007134095146	0.618464023044186
0.16141766736554	0.0853413009812052
0.415672083136622	0.215441000298214
0.35896690978367	0.16818169185782
0.252907941033486	0.15198237175269
-0.410447143470205	0.224670193576448
-1.24141695282516	0.83772956798073
-0.193894785569429	0.0937673110216253
-0.503858572293115	0.257321685492099
-0.845601143398483	0.635963244938118
0.755962541688982	0.51935319191467
-0.228657505354692	0.124913415067092
-0.0837759637432093	0.0408813019348114
-0.771738626918717	0.387411778429043
-0.67277025178768	0.319264254472093
-0.686021160652934	0.260683955942274
0.506630883733298	0.354465394468549
-0.429631098173502	0.206960515282069
-0.192025210555956	0.0915197786827948
-0.168092952952484	0.0710631328109419
-0.24433411997244	0.134266154408051
-0.665911966710002	0.436936622478872
-1.12485584964223	0.541959603940784
-0.0798855916989368	0.0489727433719226
-0.380899047225022	0.154040532549317
-0.208077932323134	0.0868392256342923
0.398105627056291	0.207335971759206
0.233476305356071	0.135363192895228
0.740960766578031	0.511028778198336
0.131849476859559	0.0742258075990378
0.0195524266325671	0.0102200241185152
-0.0319423615674022	0.0138281145640109
0.345857634629965	0.211591447444158
-0.181109506066318	0.104270418533481
1.29907118564951	1.45286814002921
1.27116128365255	0.866581345070756
1.22783481175913	1.18072676578671
1.40833906032662	1.29199059419312
-0.762548651145209	0.378997285585087
0.458225378654555	0.216593770072194
-0.573319810636379	0.305215583234098
0.879031629085018	0.503197040651428
0.141196202016908	0.0621630688451568
-1.05437930631784	0.485680522185019
1.19875463211428	0.869802672617322
-0.364334345299287	0.171151768263924
-0.314387728609891	0.163414055399315
-0.625734499736249	0.344839591413332
-0.124541133532471	0.044006227042995
0.312041199323107	0.159463172766438
0.0120680188146241	0.00579737769980871
-0.823311459706737	0.427493761922949
0.460617680253519	0.22000772102494
0.506419799661277	0.354540448811179
-0.590767396108996	0.267930194078144
-0.496221139188545	0.254587117395014
-0.439866784979599	0.213169659722817
0.895396339391219	0.740856085272389
-0.385338123862681	0.233753148879418
0.900776081922268	0.753557029068478
-0.0750638116615458	0.0297329843422385
-0.152411980367682	0.0777870024955277
0.804896579488111	0.665305436617595
-0.26228646788559	0.117037064784823
-0.650700983531984	0.370486513402769
-0.51295737946759	0.264227611693011
-0.41441859313262	0.228969047703084
-0.0788019866785831	0.0389811334313085
0.142060159284814	0.0807609176335523
0.578360792016759	0.473130971916363
0.990152065028566	0.648686875895517
-0.407768913385705	0.279997201758462
-0.763102880286471	0.384327318592224
-0.181715648400671	0.0760864432033351
1.82607114867852	1.86799117872364
1.25118878115688	1.03480215223958
-0.4314510499637	0.238193998040239
1.20108594210421	1.35945180799259
0.967484636657205	0.822243127780707
-0.903204661607242	0.492230772760237
-1.45254525874508	0.829217796264043
0.0635111076748495	0.0268340121591138
-4.25662918570616	1.96539007369876
0.146665284572978	0.0644374099310529
0.337239772226101	0.154905784510003
1.48570771403093	1.14449330091036
-0.264615749856124	0.117586690117138
-0.329256026903701	0.174701875920154
0.0397742174425198	0.0146957635031293
-0.682582047483534	0.33026873987147
-0.343794734174497	0.160223335763262
-0.0860993265303305	0.0453982147754784
-0.59145566476918	0.270124814310597
-0.418169939140151	0.202922337336784
-1.21914950955474	0.614715662653138
-1.51630441423119	0.901940424035951
-2.45377486370544	1.51118122578327
0.0105000192683374	0.00440537607727661
-0.778022053331447	0.479717521091934
0.230066072652668	0.114970329077897
-0.104456102222858	0.0475637456638249
-1.15014761633735	0.71110074471346
-0.395336143584009	0.217180837117146
-0.429010490061489	0.211436852699884
-0.0295520017705994	0.0127885776303357
0.0441055979801175	0.0190129980603443
-4.37964304518727	2.07872702505472
-0.402107174414203	0.270622399067146
-2.32212982074328	1.31612562972712
-2.44189139551896	1.5033955907097
-0.191923994220743	0.0912444114124487
0.575257549132265	0.443152208123593
0.221067914863373	0.119817804693961
-0.346352912375992	0.20574034952098
-0.318041571730402	0.186661200487126
-0.355370043604394	0.21201327695387
-2.15453761209524	1.15267616810612
1.5024710879175	1.264164420867
-0.510207337033523	0.264964880226376
0.520980668469233	0.307671439804721
0.854553137236009	0.5411117090301
-0.442404499358406	0.208870321826419
-0.188941764686282	0.079193148305841
-0.260472289242658	0.130239310277842
-0.731894175394577	0.42846900279164
-1.21058509300687	0.976071940290273
-0.19769546073624	0.0945014091282763
0.246345138121538	0.111333375609663
0.261608674626738	0.157517177255501
0.0224491626850898	0.0109242581342005
-0.292246003278985	0.165405204005761
0.0293548233128473	0.0145317763830738
0.400085990939224	0.249693573427556
0.465703395166324	0.274793683899095
0.0939123135327357	0.0561087904153278
-0.641728566272937	0.353760057042306
0.487179602965489	0.335089916389713
1.13076120388771	0.593855201365034
-0.178489810137066	0.102203616363692
-0.375680122491473	0.289295085451091
0.217775159139341	0.108634595700791
-0.243581986550072	0.147915834600525
-2.03617859507874	1.60115448220241
-1.49704393505605	1.45645378003257
-0.508955569328365	0.335135886319068
-1.14751417265252	0.8885408834442
-0.727512238443954	0.564516297284587
0.28538580831188	0.158374745824048
-0.407352036244913	0.254323685766444
-0.43658688945238	0.303866319316426
-0.65494633647658	0.425090783561348
-0.271793143242749	0.165220889155849
-1.03217249107852	0.87537689000758
-0.571748861859218	0.399998427866886
-0.227096045005967	0.183901900152848
-0.700689848138759	0.472229417870736
-2.00600709779713	0.984758699693444
-1.29652647579023	0.677202134283813
-0.00985743060071867	0.00459304423052309
-0.253198074403464	0.11130987750192
0.162602543641215	0.07942420567813
-2.08906391337544	1.06604174463105
-0.672070265206417	0.447314443005443
0.140579294400396	0.0546269022188639
0.312397682648267	0.204953283618708
-0.934798799616405	0.513050332141896
-0.2229373717175	0.120452277452227
0.162844399458574	0.0789793036425818
0.243304961870569	0.131293358569546
0.409975172455315	0.293566378350415
1.17253860714754	1.03351494858662
0.439599477346473	0.254873377171065
-0.982454103785402	0.554582996976084
0.367571209473659	0.210154050348588
0.329901631332253	0.204209214120023
0.248816236104813	0.169043525686767
-0.268796106066354	0.117427382948912
0.40592278404	0.252353413614957
-1.21691660981077	0.614695156154097
-0.454462523392234	0.322148593401505
-0.460172175939132	0.297809743071318
0.867012143856616	0.715732352958774
-1.00702453360439	0.720292208706232
-1.11678147263094	0.981150596329968
-1.09771585562887	0.826450057320228
-0.149131400554853	0.0822840076134381
-0.331647405594444	0.173538164601124
-0.731551475939076	0.57227590797095
0.204251926958952	0.110599163182273
-0.272033058956629	0.166486802569523
-0.222520769942828	0.121788441457023
-0.729209489933212	0.502822537551364
-0.870317086763941	0.657121305409347
-0.313693746515529	0.215398741381803
0.611472991250313	0.50379830037694
-0.126506677689215	0.0698161848535082
-0.654963546398444	0.43312195372546
-1.1342203271712	0.54689357755977
-1.66288647054618	1.06525128272057
0.260334027467108	0.15698877510482
1.35061724963463	1.31955605954871
-0.653826620601377	0.430284474594452
-1.28964796518933	0.671516989524854
-0.797402302478312	0.483242944224851
-1.01619615481018	0.715740218055588
0.519270474377582	0.279510763540354
0.293290889137394	0.162808142777745
0.13313572270539	0.0703558523283267
-0.695221178057885	0.333119096258277
-0.828776148333625	0.431754333156344
0.953217929556068	0.685758626271319
-1.51016623608832	0.891557597886486
1.16250252406226	1.0202282156795
-0.43919204809878	0.213552121520391
-1.14617558728359	0.547825485066816
0.527591880670557	0.278930234706564
-1.21529908335093	0.614767173116498
-0.269459629994998	0.176238475894538
-0.0242392313540722	0.0129661150818753
-1.04309615189105	0.617781859274309
-2.65137440781856	1.77735684389663
-0.128668849831457	0.0714448485187111
0.913977237997991	0.708864019922478
-0.468959289186084	0.331385998664951
0.214866618510105	0.0958736006211078
0.22039769818235	0.107977123109783
-2.09265921158544	1.70075147215524
-0.062455141629917	0.0247405526495473
-0.97093505906504	0.556115709572763
-1.1405357048933	0.886331204913217
-0.751376796685177	0.377721446397194
-0.440193354352373	0.214969476281053
-0.334557998266763	0.177118100399132
-0.271717987614656	0.153515457740465
0.319795241903867	0.163638850394253
-0.351787586998008	0.206047422959332
-1.22798264327497	0.99943979009576
-0.364079730809672	0.168261376106205
-0.207912953190825	0.100109600263404
0.736359977634521	0.54887760859893
1.58192442636918	1.58571902145036
-1.16761618561929	0.755813944025649
0.624780760426244	0.371815500400415
-0.127999196898526	0.0764174300859252
0.620516111217461	0.445583554018068
-0.147623359087672	0.0876456611240309
-0.109243926693323	0.0599211446763017
0.182152889474191	0.119485052965436
0.191114961547124	0.132804965126281
1.07317605035892	1.06761735912413
-0.474437882563821	0.275792506995895
-1.85264954125584	1.80283140045359
-1.22655066289603	0.814021496423969
0.317391815154494	0.220867340895824
0.192424036969467	0.104273016391197
-0.668771337634745	0.373331911815588
0.0213520536947416	0.0110688358212502
-0.385564657196892	0.156839476454805
0.443728533492246	0.303088759970346
0.0357706362362445	0.0154835283114587
-1.02976318470088	0.977237511146232
0.0198273067405429	0.0115984552290796
0.211338255040588	0.133130661343887
-1.75940367347192	2.00965742011486
0.00272617919489098	0.001902017789033
-0.214543129080212	0.162111994227586
0.319681273507645	0.247982508223245
0.0563777999982418	0.029360455367323
-0.540130297839555	0.367439929665964
-0.187775609088686	0.117779961432193
0.209095369896609	0.145283947868483
-0.165604375720901	0.0866262821619186
-0.484312734432487	0.242830269062112
-0.24687054283481	0.151048681334901
0.615439890746105	0.543552934700432
0.605766111111031	0.559179061351182
-0.633231789250726	0.506898605331095
-2.25363444177669	1.2510126269024
-0.496353633869525	0.207803542804489
-0.10531707158459	0.0477363092924112
-1.51959046069348	0.901559287048318
-0.129756220458226	0.0661375747315499
0.965977703632336	0.818638093206245
-0.667549637134946	0.318175457140727
-0.825167056400391	0.424329815905693
0.665349158571715	0.446025720227701
-0.329728831450072	0.173946785710598
-0.331830960729926	0.174347289326864
-0.17617106771269	0.100913043514991
-0.380886901904091	0.229757178125015
0.370766762963725	0.170119204465922
0.239799876692804	0.15280968990149
-0.80860120918066	0.50329299737797
-2.32525199914014	1.3188782299807
-0.341588213333048	0.158282698347525
-0.77795685900241	0.55539679107753
-0.175826411081333	0.101921020003417
-1.084391630645	0.955151283165268
0.824445123770455	0.626967468578048
-0.483421244489949	0.315601716909363
-0.526680276420502	0.318372408301235
-1.09592944994771	0.66824982861155
-0.976448061666679	0.560749772658534
-1.03858863033852	0.61505151001386
0.281984912883612	0.113087898947863
-0.00888440460929758	0.00408518033021733
-0.137920884774152	0.0713185155285243
-1.0285168358845	0.742019526645907
-0.208425926556706	0.0998410972627894
-0.541895549641056	0.370024224310309
0.938396053850291	0.727110953386232
-1.08253075184474	0.793240903651457
0.650232966138964	0.397083129443027
0.335902883002816	0.172627215051049
-0.852359656607663	0.446099797242086
-0.381989130704079	0.15545704824897
-0.181230450594487	0.0760080863504475
0.451954858180629	0.213281668569601
1.20562086694311	0.727435215870049
0.915431979176282	0.705796764631171
0.851470658437046	0.542116576292927
-0.135393077581859	0.0602740415445705
0.774754005736063	0.391615290124453
-0.575699729490519	0.260073813520068
0.482620748134469	0.227359752310796
0.0936417673522681	0.0440994776584562
-0.726866341206992	0.430862151910019
0.966771064368359	0.69384535985993
-0.849710126624311	0.544034929932538
-1.44294803073768	0.819001403083299
-1.78247055646808	0.805114311634832
-0.732296371363198	0.439237224217531
0.470796334888278	0.225214035166386
0.248367279652292	0.124206031366256
-0.493804238119161	0.250759502326148
-0.130554149838344	0.0579029769001005
0.232399622791179	0.126303773097604
0.210780956479279	0.114933687581054
-0.106582288216236	0.0484025833911169
-0.23251635486698	0.127175048679264
0.00968133506890183	0.00413056543862158
-0.918520891476065	0.624516972997657
-1.12655180220546	0.54540741287885
0.240260651213967	0.10769493212278
0.472398840060256	0.224632270298929
-0.837771149454697	0.529456307344595
-0.836345307458375	0.434597465797208
-2.4986975318796	1.57595760278557
-0.495896478683612	0.25144646585429
-0.825571421129541	0.606311865035109
-1.51803557187436	0.868467658856348
-0.278306255312154	0.123927996675308
-0.112821867189351	0.0518153115935401
0.745906885815587	0.606680195629816
-0.168016800980503	0.0710850691492165
-1.06262471873407	0.778892920749946
0.241756715783312	0.164785090358033
0.101304064112719	0.0602114860935593
-0.122513200494907	0.0670208950176749
0.119667100737549	0.0525896847695367
0.655206296721553	0.517741670722512
0.702874960800369	0.605663490014104
0.737516858324136	0.595617166062321
-0.350248842854163	0.2226599246921
-0.141886162730962	0.0849517309885107
0.2643287721473	0.156297008547492
0.436874296115833	0.31754427266621
0.175701239414853	0.102179006783717
0.442622023917412	0.32566090734775
-0.351048176675576	0.248893400894861
-0.0745804030316716	0.0362533661087067
0.938409277695389	0.973547354523492
-1.14115492985791	0.890469598646588
-0.249585447256539	0.150479736510496
0.0650509338972498	0.0333896224403801
-0.26733367953268	0.118454000864926
-0.297100152378612	0.169051757352627
0.346992419353085	0.158938005901396
-1.04874713349474	0.892574889171185
-0.0665577640747448	0.0405570248747422
-1.65825411918116	1.0637679958686
0.252692633566673	0.113837639549589
-1.88300361861577	1.80800571090822
-0.210332698839186	0.175537548299808
-0.183648079137689	0.105735099594282
-0.926929739394535	0.510162815212533
-0.461927215457877	0.299766223903058
1.60171540833801	1.91156270712805
-1.39040811325705	1.41315674127319
0.0224904206672863	0.0141354054338537
-0.384784661898107	0.278880838337105
0.96660359950828	0.682023030167981
-1.16155526311453	1.45581996942386
-0.227256947377739	0.164926775730919
1.07359579857556	0.926786364816972
-0.501181845381987	0.293998005987247
-0.436035398426242	0.326321939815191
-0.115004753549175	0.0520847228292133
0.932652595651172	0.830417724695702
-0.171503061729589	0.0720304725023874
0.392534050832739	0.224710149407658
0.62576783474978	0.375161009166899
-0.432267334444389	0.21067749995481
0.61408489031558	0.299149939924631
0.0638949364436252	0.0272017272540901
-0.423368274343825	0.207645446444178
1.46621479873709	1.78439165588938
0.521191028542803	0.393479864431535
-0.0600297050674299	0.0312657267515606
0.467762556468242	0.275729918523406
-0.682620108891702	0.329940366565118
-0.294251263334862	0.182599513150419
-1.78750719457984	1.66563495692789
0.528135858860318	0.286070961891977
1.16180915095259	1.0208818133524
-2.15372917192785	1.15036589238996
0.881136309967458	0.513657710022926
1.01775657730389	0.810082331417091
-1.7169577310678	1.13681527457632
0.42762104375096	0.291035821290903
-1.29178683186581	0.897498658816837
-0.475886248776297	0.202524649360843
-0.200505128572321	0.133746931953499
-0.594079584365757	0.460585054470497
0.127249240866812	0.0668441125053255
0.303984788372725	0.171002645276739
-0.158579663182732	0.102041067181287
-0.128621745095298	0.0714782593201329
0.333199160010445	0.170022165354868
-0.770101934172422	0.472154595264453
-0.648610709164884	0.36439835581482
0.060601725711433	0.0287204498970149
-0.77296706220641	0.552669091718524
0.255898055766705	0.181304421081436
0.200903186380925	0.125772696770896
0.316356162012669	0.220666301274561
0.849240139073682	0.810147725905398
-1.51631737494527	0.90100173397631
-0.903952683710962	0.590817186584337
-0.917811153740335	0.508684027615516
-0.0386538185197393	0.0162354611784052
0.612839224772104	0.337254393171335
1.69119746336827	1.70230696219257
-0.270568408704377	0.119862206752477
-0.0704888072916884	0.028226899778055
-1.38018168454865	0.758591868473647
-0.245526070841995	0.158332106187983
-1.60373575650892	0.993181305673609
-2.23681448436536	1.24736206771706
-0.25596394725439	0.12829025617191
0.82702708360971	0.622208645051332
0.0808124427884333	0.0384513015907871
-1.90151639331776	1.41100315903347
1.10374017791682	0.950974418696976
0.991812624408439	0.645432179970226
0.478178360167054	0.228494424346331
-0.209669203713575	0.122798392252806
-1.53515896429153	0.89052318544978
-1.21924134347763	0.619241154773168
-0.75566207449594	0.375109835244367
0.739884296623149	0.510363054735184
0.274698842001697	0.162107216780089
-0.100439143006564	0.045425008893012
-0.0183064882268138	0.00843775090706805
0.00241036073055246	0.00115376740124386
-1.23585145004076	0.830538182744466
-0.028894683672756	0.0132138823869002
0.153508675472302	0.0676223452406065
-2.50959190873597	1.59004396688147
-1.11014540790802	0.695282788669027
0.675143099415303	0.497551155027958
-0.797593166401925	0.573566420878835
-0.293284755322437	0.169017488832104
-4.1581524434006	1.86797494250087
-0.116229600216103	0.0684602769209719
-0.124807130113106	0.063811958539378
-0.243515950994146	0.146945922987856
-0.236815865706568	0.172711200652171
1.54949091740557	1.53766201136371
0.0921017770242249	0.0508631373515899
-0.00446228265884257	0.00220275091474972
0.288764238298609	0.184051359781762
-0.301107069485573	0.152393697616807
-0.93790052701159	0.410530378530976
-0.292070609080588	0.182411730433901
-0.526013374991437	0.269559721153206
0.00193534199930763	0.000739682070329188
-0.0353882191623993	0.0151725724326433
-2.29692374973266	1.30315958435547
0.19164153525338	0.0659574299673996
0.281375145437032	0.139464337541508
-1.08613617976258	0.814744312037035
0.22443749123288	0.112189519508243
-0.53593899770524	0.326732180080579
-0.253377344286219	0.110624762398587
-0.194843476278588	0.092046653426016
0.143106251597305	0.0623264738333736
0.00619383719654479	0.0026123300625498
-1.37442094805887	0.758224419089215
0.150108364798703	0.0789790458760918
-0.844807080016807	0.539903853607486
-0.355251999154773	0.167271325905947
-0.388843569657771	0.157480109648406
-0.365681992915632	0.241976065274972
-1.50604761507936	0.878178960137212
0.618177778978894	0.337779696510178
-4.71330123279715	2.39879215910251
-0.126600252434544	0.0448750254807638
-1.03041646565271	0.745826916361006
-0.513740769389374	0.26669983246807
-1.5103823246827	1.19662399120935
0.082874940344532	0.0430148668736573
-0.780655387524949	0.55604447631161
-1.71304333495123	1.12379227704177
-0.821746082832166	0.426729016107958
0.145277311185893	0.0638964805138528
-0.580598923732305	0.311094494637382
1.03454612604179	1.01155314593404
0.509084724693791	0.382891735739227
0.264677542105897	0.159222022998988
-0.82272970710264	0.515905599903744
-0.186776155651484	0.0789142444569945
0.587412848812216	0.480827778371781
-0.027371741906162	0.0158710855589769
-0.133771088041894	0.0681939278927004
0.0768031024883806	0.0397766195510171
-0.286177033881846	0.145660518624596
-1.44447095316583	0.826048776019635
0.409529897938748	0.257861247132282
-0.662549285833509	0.315524761925291
-1.04766693224767	0.628014504954326
-0.911279861839633	0.698365027300592
0.211915190157562	0.114960468489513
-2.53063128613662	1.61728960060003
-0.514721835909312	0.268159087849095
-0.0795491867033871	0.0456160715983384
0.0918022903735889	0.0472578039648406
0.187685624964932	0.101475659022197
0.0141815420315029	0.00575429538947349
0.305054148495674	0.170945176171186
0.0559233507380092	0.02407363343428
0.119130160739651	0.0467620985546814
-0.908206873222445	0.501931284688633
0.51816769599947	0.280873356129015
-0.51922665237342	0.269097108954173
-0.362277412190026	0.214918711542302
-0.328699718276529	0.19267047251026
-0.445847361367573	0.220305233602453
0.906340195330287	0.524295608512583
0.439264086008102	0.182478888799506
-2.54485903600633	1.57559419102805
-0.715472601032584	0.418396265472643
-0.598680041028981	0.319551673216678
0.255183839891002	0.114989772581957
0.0403142654800335	0.0175419512148443
-0.275701958547253	0.140245047416745
-1.194553208318	0.778383453252892
-0.597351085941663	0.375112021517016
0.202688252674431	0.109622921062084
0.220741938658162	0.119995072091099
-1.44513375078063	0.822148767463026
-0.606792895708831	0.324750899822947
0.927714519761986	0.726878746461391
-0.152327734486787	0.0784670414687166
-0.518562448626096	0.265877585014348
-1.09416899645175	0.829086133626743
-0.39422828582354	0.217056813789001
-0.14360414331676	0.0742916277184438
-0.204270347521002	0.118287006498377
-0.345792320483305	0.207483773781994
0.0661661933356878	0.0316805418661717
-0.11493471702816	0.0677576646243155
0.180577319442167	0.119327462314484
0.516814510233549	0.364525908188583
0.547664520566612	0.487216355672541
0.0215239189477369	0.0124220051891574
0.0647455424488644	0.0380787831349754
-0.971760314649339	0.789179537700495
0.00757752590279443	0.00362218622827713
-0.160979551084906	0.104367316928618
0.437952370564933	0.357990323881477
-0.816479248889824	0.664268416380479
-0.0936280311223606	0.049712574039642
0.00289259408564513	0.00138051763275805
-0.952178573222464	0.634737140914629
-0.354598785497152	0.165142900613334
-0.683646031970062	0.458343252061337
-0.529221628478128	0.313732385467219
0.00140325367986892	0.000390365166696475
-0.310089506565458	0.197108536865752
-0.258647615727917	0.179897300852043
0.648007930621216	0.397787228221298
0.742560491674587	0.557611222565135
0.00371912001396131	0.00179912946644638
-0.541252539813716	0.32720678605429
-1.99090579398696	1.55857114732446
-0.714481019784667	0.491118827496844
-0.281516281045394	0.142528047547956
-0.094115304716757	0.0462918347713143
-0.221408002056512	0.12076938806382
-0.243845086568744	0.159643002459324
-0.458536494491077	0.293684527576986
-0.536278923067185	0.403412177088214
-0.391028374982386	0.239391578419093
-0.483082011924905	0.284074256582542
0.595023487863993	0.489777169429615
0.304664118798624	0.170927397581061
-0.12009058619916	0.0537579889703862
-0.122086178032002	0.0674034679447502
-0.87055402882181	0.565440296426986
-0.860115206009939	0.711477640220682
-0.188998261117672	0.12631155064604
-0.789242612069613	0.485689789452176
-0.354036873015338	0.164097093709586
-0.569368997417158	0.43912217408075
-0.471266037799519	0.266871611204175
-0.643368117044783	0.422253094135693
-0.45289162457875	0.293447720393772
-0.967742861783539	0.790347732626597
1.01784232886066	1.12301245687772
-1.16377431918677	0.740729129090393
-0.0556310154761149	0.0328636235069887
0.640649045393996	0.53128992261607
0.623528896322267	0.521008176907573
-0.655132216083953	0.427793147513023
-0.514021533300154	0.375669557103301
0.144330636522969	0.0706711020523045
-0.203285556824551	0.109653490617642
-0.135485511220066	0.06997646100011
0.0171594876584718	0.0107409918521882
-1.11980508596767	0.866160107555723
0.578777191051522	0.474329175972201
-1.05003824949066	0.627844447245256
0.652422213805668	0.578812222173544
0.0291032125694169	0.0173058896875719
-0.354777642168286	0.211066460467905
-0.26883012752703	0.189836086787908
-0.660049151611732	0.571831578156022
0.448362646326256	0.351504737960245
-0.52819033684338	0.356768978325271
-0.672145800868318	0.38513169902222
-0.526550184462212	0.35775818785084
-0.0345452108411138	0.0216203640566088
-0.793958798246673	0.648467802133745
-0.400468473106983	0.27043755948567
-1.35435572622526	0.974817124413176
-0.1131070650513	0.0516783345551307
0.781886824781118	0.881758136996985
0.917260116022704	0.936916064925789
1.18691897474358	1.28877398118272
0.109438234990316	0.0732235415557465
-0.436393259054266	0.303573777977191
-0.20911437832765	0.112383759037325
-0.123127378658092	0.089586960223813
-0.531526007130727	0.49194327629123
-0.909095729061561	1.03929776055528
-0.278838903981837	0.248247040505534
-0.406241964772122	0.358468054026995
0.332621387372439	0.233326738433862
0.0478820675132237	0.0321769563232608
0.749991795934376	0.895115106536219
-0.415356280783896	0.321309538699045
-0.220480595968002	0.149520561727868
-0.141497337995833	0.0733068999358541
-0.711297703744369	0.653511520301104
-0.389554596452111	0.241348821954254
-0.0340797750457621	0.0198496637589366
-0.14951316778426	0.0772641891429415
0.227411392845297	0.1237627467538
0.842850523837413	0.796208407083435
0.510217327104097	0.359313978280189
0.262601650292333	0.156517700135527
-0.942003170293557	1.02342872231868
-0.168501173563028	0.116455266070343
-0.732025656241744	0.627377654669333
-0.288123125804508	0.163395054180126
0.28834299080205	0.244381990013688
-0.123919542087686	0.0824199824666504
-1.34360576972692	1.56757479488909
-0.64801493551086	0.523543541572722
-1.50761426889463	1.17950277579618
-0.579149885555949	0.261376718859034
0.0843428964472017	0.0428769654554608
-0.425263547435323	0.206907324582792
0.537692300697991	0.321166809953519
-0.239450661077382	0.213884958785885
-0.26761642334578	0.20816322641468
-0.0769915597404825	0.0593569808303817
0.098420295551832	0.0650508423839107
-0.614506733023368	0.600456082610387
-0.516795166517067	0.305285171962736
0.588771002193225	0.423346224660217
0.737513608365436	0.665799865555517
0.0604471730265714	0.0333580143483853
0.63810598944186	0.538116812116044
0.389211299720799	0.311847155900884
0.375468457694004	0.336978485949463
-0.250558078664767	0.183575173814264
-0.0281173095438392	0.0188387784533353
-1.14938619727408	1.18389754040999
-0.206946624345194	0.112316175452599
0.5240880585582	0.28028884191965
0.561776775232853	0.362457461437169
0.355473781071467	0.250307877988105
0.302880903873947	0.222967712628552
-0.406480705869272	0.335450791693008
-0.0544126822927052	0.0287679383344374
0.483528694420071	0.307758107065828
0.646145023932879	0.395786679543226
0.250971314605278	0.186603473899906
-0.203483080900727	0.0988706468739433
