group	x	y	clickSelects
13901	-45.25	48.75	501
13901	-45.25	49.25	501
13901	-40.75	49.25	501
13901	-40.25	48.75	501
13901	-39.75	48.75	501
13901	-39.25	49.25	501
13901	-35.75	49.25	501
13901	-35.75	48.75	501
13901	-36.25	48.25	501
13901	-37.25	48.25	501
13901	-37.25	47.75	501
13901	-36.75	47.25	501
13901	-36.75	46.75	501
13901	-37.25	46.25	501
13901	-37.25	45.75	501
13901	-36.25	45.75	501
13901	-36.25	45.25	501
13901	-36.75	44.75	501
13901	-36.75	43.25	501
13901	-35.75	43.25	501
13901	-35.25	42.75	501
13901	-34.75	42.75	501
13901	-34.25	43.25	501
13901	-33.75	43.25	501
13901	-33.75	42.75	501
13901	-34.25	42.25	501
13901	-34.25	41.75	501
13901	-33.25	41.75	501
13901	-32.75	41.25	501
13901	-32.25	41.25	501
13901	-32.25	43.25	501
13901	-31.75	43.25	501
13901	-31.25	42.75	501
13901	-30.75	42.75	501
13901	-30.75	43.75	501
13901	-29.25	45.25	501
13901	-29.25	45.75	501
13901	-30.25	45.75	501
13901	-30.75	46.25	501
13901	-31.75	46.25	501
13901	-31.75	46.75	501
13901	-31.25	47.25	501
13901	-30.75	47.25	501
13901	-30.25	46.75	501
13901	-29.75	46.75	501
13901	-29.75	47.75	501
13901	-29.25	47.75	501
13901	-28.75	47.25	501
13901	-27.25	47.25	501
13901	-27.25	49.25	501
13901	-24.75	49.25	501
13901	-24.75	48.75	501
13901	-25.25	48.25	501
13901	-26.25	48.25	501
13901	-26.25	47.75	501
13901	-25.75	47.25	501
13901	-25.75	46.75	501
13901	-26.25	46.25	501
13901	-26.25	45.75	501
13901	-24.75	44.25	501
13901	-24.75	42.75	501
13901	-25.75	41.75	501
13901	-25.75	40.25	501
13901	-25.25	39.75	501
13901	-25.25	38.25	501
13901	-25.75	37.75	501
13901	-25.75	36.75	501
13901	-26.25	36.75	501
13901	-27.25	37.75	501
13901	-27.75	37.75	501
13901	-28.25	37.25	501
13901	-28.75	37.25	501
13901	-28.75	39.25	501
13901	-29.25	39.25	501
13901	-29.75	38.75	501
13901	-30.25	38.75	501
13901	-31.75	40.25	501
13901	-32.25	40.25	501
13901	-32.25	38.75	501
13901	-30.75	37.25	501
13901	-30.75	36.75	501
13901	-31.75	35.75	501
13901	-32.25	35.75	501
13901	-32.25	36.75	501
13901	-33.25	37.75	501
13901	-34.25	37.75	501
13901	-34.25	38.75	501
13901	-34.75	39.25	501
13901	-35.75	39.25	501
13901	-36.25	39.75	501
13901	-36.75	39.75	501
13901	-36.75	38.75	501
13901	-37.25	38.75	501
13901	-37.75	39.25	501
13901	-37.75	39.75	501
13901	-37.25	40.25	501
13901	-37.25	40.75	501
13901	-38.25	41.75	501
13901	-39.25	41.75	501
13901	-39.25	42.75	501
13901	-39.75	43.25	501
13901	-40.25	43.25	501
13901	-40.75	42.75	501
13901	-43.75	42.75	501
13901	-43.75	42.25	501
13901	-43.25	41.75	501
13901	-43.25	40.25	501
13901	-44.25	39.25	501
13901	-44.75	39.25	501
13901	-45.25	39.75	501
13901	-45.25	48.75	501
12500	-40.25	48.75	401
12500	-40.25	49.25	401
12500	-39.75	49.25	401
12500	-39.75	48.75	401
12500	-40.25	48.75	401
12508	-37.25	47.75	401
12508	-37.25	48.25	401
12508	-36.25	48.25	401
12508	-35.25	49.25	401
12508	-27.75	49.25	401
12508	-27.25	48.75	401
12508	-27.25	47.25	401
12508	-28.75	47.25	401
12508	-29.25	47.75	401
12508	-29.75	47.75	401
12508	-29.75	46.75	401
12508	-30.25	46.75	401
12508	-30.75	47.25	401
12508	-31.25	47.25	401
12508	-31.75	46.75	401
12508	-31.75	46.25	401
12508	-30.75	46.25	401
12508	-30.25	45.75	401
12508	-29.25	45.75	401
12508	-29.25	45.25	401
12508	-30.75	43.75	401
12508	-30.75	42.75	401
12508	-31.25	42.75	401
12508	-31.75	43.25	401
12508	-32.25	43.25	401
12508	-32.25	41.25	401
12508	-32.75	41.25	401
12508	-33.25	41.75	401
12508	-34.25	41.75	401
12508	-34.25	42.25	401
12508	-33.75	42.75	401
12508	-33.75	43.25	401
12508	-34.25	43.25	401
12508	-34.75	42.75	401
12508	-35.25	42.75	401
12508	-35.75	43.25	401
12508	-36.75	43.25	401
12508	-36.75	44.75	401
12508	-36.25	45.25	401
12508	-36.25	45.75	401
12508	-37.25	45.75	401
12508	-37.25	46.25	401
12508	-36.75	46.75	401
12508	-36.75	47.25	401
12508	-37.25	47.75	401
14011	-43.75	42.25	512
14011	-43.75	42.75	512
14011	-40.75	42.75	512
14011	-40.25	43.25	512
14011	-39.75	43.25	512
14011	-39.25	42.75	512
14011	-39.25	41.75	512
14011	-38.25	41.75	512
14011	-37.25	40.75	512
14011	-37.25	40.25	512
14011	-37.75	39.75	512
14011	-37.75	39.25	512
14011	-37.25	38.75	512
14011	-36.75	38.75	512
14011	-36.75	39.75	512
14011	-36.25	39.75	512
14011	-35.75	39.25	512
14011	-34.75	39.25	512
14011	-34.25	38.75	512
14011	-34.25	37.75	512
14011	-33.25	37.75	512
14011	-32.25	36.75	512
14011	-32.25	35.75	512
14011	-31.75	35.75	512
14011	-30.75	36.75	512
14011	-30.75	37.25	512
14011	-32.25	38.75	512
14011	-32.25	40.25	512
14011	-31.75	40.25	512
14011	-30.25	38.75	512
14011	-29.75	38.75	512
14011	-29.25	39.25	512
14011	-28.75	39.25	512
14011	-28.75	37.25	512
14011	-28.25	37.25	512
14011	-27.75	37.75	512
14011	-27.25	37.75	512
14011	-26.25	36.75	512
14011	-25.75	36.75	512
14011	-25.75	37.75	512
14011	-25.25	38.25	512
14011	-25.25	39.75	512
14011	-25.75	40.25	512
14011	-25.75	41.75	512
14011	-24.75	42.75	512
14011	-24.75	44.25	512
14011	-26.25	45.75	512
14011	-26.25	46.25	512
14011	-25.75	46.75	512
14011	-25.75	47.25	512
14011	-26.25	47.75	512
14011	-26.25	48.25	512
14011	-25.25	48.25	512
14011	-24.25	49.25	512
14011	-7.75	49.25	512
14011	-7.75	48.25	512
14011	-6.75	47.25	512
14011	-6.25	47.25	512
14011	-5.75	47.75	512
14011	-5.75	48.75	512
14011	-4.75	48.75	512
14011	-4.25	49.25	512
14011	-3.75	49.25	512
14011	-3.25	48.75	512
14011	-3.25	47.75	512
14011	-2.75	47.25	512
14011	-1.75	47.25	512
14011	-1.25	46.75	512
14011	-1.25	45.75	512
14011	-0.25	45.75	512
14011	-0.25	45.25	512
14011	-0.75	44.75	512
14011	-0.75	44.25	512
14011	-0.25	44.25	512
14011	0.25	44.75	512
14011	1.75	44.75	512
14011	3.75	42.75	512
14011	4.25	42.75	512
14011	4.25	44.25	512
14011	3.75	44.75	512
14011	2.75	44.75	512
14011	2.75	47.25	512
14011	3.25	47.25	512
14011	3.75	46.75	512
14011	3.75	45.75	512
14011	4.75	45.75	512
14011	4.75	44.75	512
14011	5.25	44.25	512
14011	5.25	42.75	512
14011	4.75	42.25	512
14011	4.75	41.25	512
14011	4.25	41.25	512
14011	2.75	42.75	512
14011	2.25	42.75	512
14011	2.25	42.25	512
14011	3.75	40.75	512
14011	3.75	40.25	512
14011	3.25	39.75	512
14011	3.25	39.25	512
14011	3.75	39.25	512
14011	4.75	40.25	512
14011	5.25	40.25	512
14011	5.25	31.75	512
14011	4.75	31.75	512
14011	4.25	32.25	512
14011	1.25	32.25	512
14011	0.75	32.75	512
14011	-1.75	32.75	512
14011	-2.75	31.75	512
14011	-3.25	31.75	512
14011	-3.75	32.25	512
14011	-3.75	33.25	512
14011	-5.25	34.75	512
14011	-5.75	34.75	512
14011	-5.75	34.25	512
14011	-5.25	33.75	512
14011	-5.25	32.75	512
14011	-4.75	32.25	512
14011	-4.75	30.75	512
14011	-5.25	30.75	512
14011	-6.25	31.75	512
14011	-6.25	32.75	512
14011	-6.75	32.75	512
14011	-7.75	31.75	512
14011	-7.75	31.25	512
14011	-7.25	30.75	512
14011	-7.25	30.25	512
14011	-7.75	29.75	512
14011	-9.75	29.75	512
14011	-10.25	29.25	512
14011	-10.25	27.75	512
14011	-8.75	26.25	512
14011	-8.75	25.75	512
14011	-9.75	25.75	512
14011	-10.75	24.75	512
14011	-11.75	24.75	512
14011	-11.75	24.25	512
14011	-11.25	23.75	512
14011	-11.25	23.25	512
14011	-11.75	23.25	512
14011	-12.25	23.75	512
14011	-12.75	23.75	512
14011	-13.25	23.25	512
14011	-13.25	22.25	512
14011	-13.75	22.25	512
14011	-14.25	22.75	512
14011	-14.25	24.75	512
14011	-14.75	25.25	512
14011	-14.75	27.75	512
14011	-13.75	27.75	512
14011	-13.75	28.25	512
14011	-14.25	28.75	512
14011	-14.25	29.25	512
14011	-13.75	29.75	512
14011	-13.75	30.25	512
14011	-14.75	30.25	512
14011	-15.25	30.75	512
14011	-15.25	31.75	512
14011	-15.75	32.25	512
14011	-15.75	32.75	512
14011	-14.75	33.75	512
14011	-14.75	34.25	512
14011	-15.75	34.25	512
14011	-16.25	34.75	512
14011	-16.25	35.25	512
14011	-15.75	35.75	512
14011	-15.75	36.25	512
14011	-16.75	36.25	512
14011	-16.75	37.75	512
14011	-15.75	37.75	512
14011	-15.75	39.25	512
14011	-16.25	39.75	512
14011	-16.75	39.75	512
14011	-16.75	38.75	512
14011	-17.75	37.75	512
14011	-18.75	37.75	512
14011	-19.25	37.25	512
14011	-19.25	36.75	512
14011	-18.75	36.25	512
14011	-17.75	36.25	512
14011	-17.75	33.75	512
14011	-18.75	33.75	512
14011	-18.75	33.25	512
14011	-18.25	32.75	512
14011	-18.25	32.25	512
14011	-21.25	32.25	512
14011	-21.25	31.75	512
14011	-20.25	30.75	512
14011	-20.25	30.25	512
14011	-21.25	30.25	512
14011	-22.25	29.25	512
14011	-22.25	28.75	512
14011	-21.75	28.25	512
14011	-20.75	28.25	512
14011	-20.25	27.75	512
14011	-19.75	27.75	512
14011	-19.25	28.25	512
14011	-18.75	28.25	512
14011	-18.25	27.75	512
14011	-17.75	27.75	512
14011	-17.25	28.25	512
14011	-17.25	28.75	512
14011	-17.75	29.25	512
14011	-17.75	29.75	512
14011	-17.25	29.75	512
14011	-16.25	28.75	512
14011	-16.25	27.25	512
14011	-17.25	27.25	512
14011	-17.75	26.75	512
14011	-17.75	25.75	512
14011	-18.25	25.25	512
14011	-18.25	24.75	512
14011	-17.75	24.25	512
14011	-17.75	23.25	512
14011	-16.75	23.25	512
14011	-16.25	22.75	512
14011	-16.25	21.75	512
14011	-15.75	21.75	512
14011	-15.25	22.25	512
14011	-14.75	22.25	512
14011	-14.75	21.25	512
14011	-14.25	20.75	512
14011	-13.25	20.75	512
14011	-12.75	20.25	512
14011	-12.75	19.25	512
14011	-12.25	19.25	512
14011	-10.75	20.75	512
14011	-10.25	20.75	512
14011	-9.75	20.25	512
14011	-9.75	19.75	512
14011	-10.75	19.75	512
14011	-10.75	19.25	512
14011	-9.75	18.25	512
14011	-7.75	18.25	512
14011	-7.75	15.75	512
14011	-8.75	15.75	512
14011	-8.75	14.25	512
14011	-8.25	13.75	512
14011	-8.25	13.25	512
14011	-8.75	13.25	512
14011	-10.25	14.75	512
14011	-11.25	14.75	512
14011	-11.75	15.25	512
14011	-11.75	15.75	512
14011	-10.75	16.75	512
14011	-10.75	17.25	512
14011	-11.75	18.25	512
14011	-12.25	18.25	512
14011	-12.25	17.25	512
14011	-12.75	16.75	512
14011	-13.75	16.75	512
14011	-14.25	16.25	512
14011	-14.75	16.25	512
14011	-14.75	17.25	512
14011	-15.75	18.25	512
14011	-16.75	18.25	512
14011	-16.75	19.25	512
14011	-17.25	19.75	512
14011	-18.25	19.75	512
14011	-18.25	21.25	512
14011	-17.25	21.25	512
14011	-17.25	21.75	512
14011	-18.25	22.75	512
14011	-19.25	22.75	512
14011	-19.75	23.25	512
14011	-20.25	23.25	512
14011	-21.25	22.25	512
14011	-21.75	22.25	512
14011	-21.75	23.75	512
14011	-20.75	23.75	512
14011	-20.25	24.25	512
14011	-20.25	24.75	512
14011	-21.25	25.75	512
14011	-22.25	25.75	512
14011	-22.25	26.75	512
14011	-23.25	26.75	512
14011	-23.75	27.25	512
14011	-24.75	27.25	512
14011	-24.75	28.25	512
14011	-25.75	29.25	512
14011	-25.75	30.75	512
14011	-24.25	32.25	512
14011	-23.75	32.25	512
14011	-23.75	31.25	512
14011	-23.25	31.25	512
14011	-22.25	32.25	512
14011	-22.25	33.75	512
14011	-23.25	33.75	512
14011	-24.25	34.75	512
14011	-24.75	34.75	512
14011	-25.25	34.25	512
14011	-25.25	32.25	512
14011	-26.25	32.25	512
14011	-26.25	31.25	512
14011	-27.25	31.25	512
14011	-27.25	30.25	512
14011	-28.25	30.25	512
14011	-29.25	29.25	512
14011	-29.25	28.75	512
14011	-28.75	28.25	512
14011	-28.75	27.25	512
14011	-28.25	26.75	512
14011	-28.25	26.25	512
14011	-29.25	26.25	512
14011	-29.25	25.75	512
14011	-28.25	24.75	512
14011	-28.25	24.25	512
14011	-29.75	24.25	512
14011	-30.25	24.75	512
14011	-31.25	24.75	512
14011	-31.75	25.25	512
14011	-32.25	25.25	512
14011	-32.75	24.75	512
14011	-33.25	24.75	512
14011	-33.75	25.25	512
14011	-33.75	25.75	512
14011	-33.25	26.25	512
14011	-33.25	26.75	512
14011	-33.75	27.25	512
14011	-34.75	27.25	512
14011	-35.25	27.75	512
14011	-36.25	27.75	512
14011	-36.75	28.25	512
14011	-37.75	28.25	512
14011	-38.75	29.25	512
14011	-39.25	29.25	512
14011	-39.25	28.75	512
14011	-38.75	28.25	512
14011	-38.75	27.25	512
14011	-36.75	27.25	512
14011	-35.75	26.25	512
14011	-35.75	25.75	512
14011	-36.25	25.25	512
14011	-36.25	24.25	512
14011	-36.75	23.75	512
14011	-37.75	23.75	512
14011	-37.75	22.75	512
14011	-38.25	22.75	512
14011	-38.75	23.25	512
14011	-39.75	23.25	512
14011	-40.25	23.75	512
14011	-41.75	23.75	512
14011	-41.75	22.75	512
14011	-43.75	22.75	512
14011	-43.75	21.25	512
14011	-43.25	20.75	512
14011	-42.75	20.75	512
14011	-42.75	21.75	512
14011	-42.25	21.75	512
14011	-41.25	20.75	512
14011	-41.25	20.25	512
14011	-41.75	19.75	512
14011	-41.75	19.25	512
14011	-41.25	19.25	512
14011	-40.25	20.25	512
14011	-39.75	20.25	512
14011	-39.75	19.25	512
14011	-39.25	18.75	512
14011	-39.25	18.25	512
14011	-40.25	18.25	512
14011	-41.25	17.25	512
14011	-42.25	17.25	512
14011	-42.75	16.75	512
14011	-42.75	15.75	512
14011	-43.25	15.25	512
14011	-44.25	15.25	512
14011	-44.25	13.25	512
14011	-44.75	12.75	512
14011	-45.25	12.75	512
14011	-45.25	39.25	512
14011	-44.25	39.25	512
14011	-43.25	40.25	512
14011	-43.25	41.75	512
14011	-43.75	42.25	512
14013	-43.25	29.75	512
14013	-43.25	30.25	512
14013	-42.75	30.25	512
14013	-42.75	29.75	512
14013	-43.25	29.75	512
14014	-37.25	21.75	512
14014	-37.25	22.25	512
14014	-34.75	22.25	512
14014	-33.75	21.25	512
14014	-33.75	20.25	512
14014	-32.75	19.25	512
14014	-30.75	19.25	512
14014	-30.25	18.75	512
14014	-27.75	18.75	512
14014	-27.75	19.75	512
14014	-27.25	20.25	512
14014	-26.75	20.25	512
14014	-25.75	19.25	512
14014	-25.75	18.75	512
14014	-26.25	18.25	512
14014	-26.25	17.75	512
14014	-25.25	17.75	512
14014	-24.75	17.25	512
14014	-24.25	17.25	512
14014	-23.75	17.75	512
14014	-23.75	18.25	512
14014	-24.75	18.25	512
14014	-24.75	18.75	512
14014	-24.25	19.25	512
14014	-24.25	19.75	512
14014	-24.75	20.25	512
14014	-24.75	20.75	512
14014	-23.75	21.75	512
14014	-23.25	21.75	512
14014	-22.75	21.25	512
14014	-22.75	20.25	512
14014	-22.25	19.75	512
14014	-20.75	19.75	512
14014	-19.75	20.75	512
14014	-19.25	20.75	512
14014	-18.75	20.25	512
14014	-18.75	19.75	512
14014	-19.75	19.75	512
14014	-20.25	19.25	512
14014	-20.25	18.25	512
14014	-21.25	18.25	512
14014	-22.25	17.25	512
14014	-22.25	16.75	512
14014	-20.75	16.75	512
14014	-19.75	17.75	512
14014	-19.25	17.75	512
14014	-19.25	17.25	512
14014	-19.75	16.75	512
14014	-19.75	15.75	512
14014	-20.25	15.25	512
14014	-20.75	15.25	512
14014	-21.25	15.75	512
14014	-21.75	15.75	512
14014	-21.75	15.25	512
14014	-20.75	14.25	512
14014	-20.75	12.75	512
14014	-21.25	12.25	512
14014	-21.25	11.75	512
14014	-20.75	11.75	512
14014	-20.25	12.25	512
14014	-19.75	12.25	512
14014	-18.75	11.25	512
14014	-18.75	10.75	512
14014	-19.25	10.75	512
14014	-19.75	11.25	512
14014	-20.25	11.25	512
14014	-20.75	10.75	512
14014	-20.75	10.25	512
14014	-19.75	10.25	512
14014	-19.75	9.25	512
14014	-18.25	9.25	512
14014	-17.75	9.75	512
14014	-17.25	9.75	512
14014	-17.25	9.25	512
14014	-17.75	8.75	512
14014	-17.75	8.25	512
14014	-17.25	8.25	512
14014	-16.75	8.75	512
14014	-16.25	8.75	512
14014	-16.25	7.75	512
14014	-15.75	7.25	512
14014	-15.75	5.25	512
14014	-14.75	5.25	512
14014	-14.75	4.75	512
14014	-15.25	4.25	512
14014	-15.25	3.25	512
14014	-15.75	3.25	512
14014	-16.25	3.75	512
14014	-16.75	3.75	512
14014	-17.25	3.25	512
14014	-18.25	3.25	512
14014	-18.75	2.75	512
14014	-20.25	2.75	512
14014	-20.75	3.25	512
14014	-20.75	3.75	512
14014	-20.25	4.25	512
14014	-20.25	4.75	512
14014	-20.75	5.25	512
14014	-20.75	5.75	512
14014	-20.25	6.25	512
14014	-20.25	6.75	512
14014	-21.75	8.25	512
14014	-23.75	8.25	512
14014	-24.25	8.75	512
14014	-24.25	9.25	512
14014	-23.75	9.75	512
14014	-23.75	10.25	512
14014	-24.25	10.25	512
14014	-25.75	8.75	512
14014	-26.75	8.75	512
14014	-27.25	8.25	512
14014	-28.75	8.25	512
14014	-29.75	9.25	512
14014	-30.25	9.25	512
14014	-30.25	8.75	512
14014	-29.75	8.25	512
14014	-29.75	7.25	512
14014	-29.25	6.75	512
14014	-28.25	6.75	512
14014	-28.25	6.25	512
14014	-28.75	5.75	512
14014	-29.75	5.75	512
14014	-29.75	4.75	512
14014	-30.25	4.25	512
14014	-30.75	4.25	512
14014	-30.75	5.25	512
14014	-32.75	5.25	512
14014	-32.75	8.25	512
14014	-33.25	8.75	512
14014	-33.75	8.75	512
14014	-33.75	7.75	512
14014	-34.25	7.25	512
14014	-34.75	7.25	512
14014	-35.25	7.75	512
14014	-35.75	7.75	512
14014	-35.75	7.25	512
14014	-35.25	6.75	512
14014	-35.25	5.25	512
14014	-36.25	4.25	512
14014	-36.25	3.25	512
14014	-37.75	3.25	512
14014	-39.25	4.75	512
14014	-39.25	5.25	512
14014	-38.25	5.25	512
14014	-37.75	5.75	512
14014	-37.75	7.25	512
14014	-38.25	7.25	512
14014	-38.25	6.25	512
14014	-38.75	6.25	512
14014	-39.25	6.75	512
14014	-40.75	6.75	512
14014	-41.25	6.25	512
14014	-41.25	4.75	512
14014	-40.25	4.75	512
14014	-38.25	2.75	512
14014	-38.25	1.25	512
14014	-38.75	0.75	512
14014	-39.25	0.75	512
14014	-39.25	1.75	512
14014	-39.75	2.25	512
14014	-40.25	2.25	512
14014	-40.25	1.25	512
14014	-41.75	1.25	512
14014	-42.25	1.75	512
14014	-42.25	2.25	512
14014	-41.75	2.75	512
14014	-41.75	3.25	512
14014	-42.25	3.25	512
14014	-43.75	1.75	512
14014	-43.75	0.25	512
14014	-42.75	-0.75	512
14014	-42.75	-1.25	512
14014	-45.25	-1.25	512
14014	-45.25	11.25	512
14014	-44.75	11.75	512
14014	-44.25	11.75	512
14014	-42.75	10.25	512
14014	-42.75	9.25	512
14014	-42.25	9.25	512
14014	-41.75	9.75	512
14014	-41.75	10.25	512
14014	-42.75	11.25	512
14014	-42.75	11.75	512
14014	-42.25	12.25	512
14014	-41.75	12.25	512
14014	-41.25	11.75	512
14014	-40.25	11.75	512
14014	-40.25	10.75	512
14014	-39.25	10.75	512
14014	-39.25	9.75	512
14014	-38.75	9.25	512
14014	-38.25	9.25	512
14014	-38.25	11.75	512
14014	-39.75	13.25	512
14014	-39.75	13.75	512
14014	-39.25	13.75	512
14014	-38.75	13.25	512
14014	-37.25	13.25	512
14014	-36.75	13.75	512
14014	-35.75	13.75	512
14014	-35.25	14.25	512
14014	-35.25	14.75	512
14014	-36.25	15.75	512
14014	-36.25	16.75	512
14014	-38.25	18.75	512
14014	-38.25	19.25	512
14014	-37.25	19.25	512
14014	-37.25	19.75	512
14014	-37.75	20.25	512
14014	-37.75	20.75	512
14014	-37.25	21.25	512
14014	-37.25	21.75	512
14015	-7.25	49.25	512
14015	-7.25	48.75	512
14015	-6.75	48.75	512
14015	-6.75	49.25	512
14015	-7.25	49.25	512
14016	-6.75	38.25	512
14016	-6.75	38.75	512
14016	-6.25	38.75	512
14016	-6.25	38.25	512
14016	-6.75	38.25	512
14017	-3.25	33.75	512
14017	-3.25	34.25	512
14017	-2.75	34.25	512
14017	-2.75	33.75	512
14017	-3.25	33.75	512
14018	-36.25	-1.25	512
14018	-36.25	-0.75	512
14018	-35.75	-0.75	512
14018	-35.75	-1.25	512
14018	-36.25	-1.25	512
14019	-35.25	-0.25	512
14019	-35.25	0.25	512
14019	-34.25	0.25	512
14019	-33.75	0.75	512
14019	-33.75	1.75	512
14019	-32.25	1.75	512
14019	-32.25	-0.25	512
14019	-30.75	-0.25	512
14019	-30.75	0.75	512
14019	-29.75	1.75	512
14019	-29.25	1.75	512
14019	-29.25	-0.75	512
14019	-29.75	-1.25	512
14019	-35.25	-1.25	512
14019	-35.25	-0.25	512
14020	-1.25	27.75	512
14020	-1.25	28.25	512
14020	-0.75	28.75	512
14020	-0.25	28.75	512
14020	0.25	28.25	512
14020	0.75	28.25	512
14020	1.25	28.75	512
14020	3.25	28.75	512
14020	3.75	29.25	512
14020	3.75	30.25	512
14020	4.25	30.25	512
14020	5.25	29.25	512
14020	5.25	25.75	512
14020	4.75	25.75	512
14020	4.75	26.75	512
14020	4.25	26.75	512
14020	3.75	26.25	512
14020	1.75	26.25	512
14020	1.75	24.75	512
14020	2.25	24.25	512
14020	2.25	23.75	512
14020	1.75	23.25	512
14020	1.25	23.25	512
14020	0.25	24.25	512
14020	0.25	25.25	512
14020	-0.75	25.25	512
14020	-0.75	25.75	512
14020	0.25	26.75	512
14020	0.25	27.25	512
14020	-0.75	27.25	512
14020	-1.25	27.75	512
14012	4.75	23.75	512
14012	4.75	24.25	512
14012	5.25	24.25	512
14012	5.25	23.75	512
14012	4.75	23.75	512
5899	-39.25	28.75	2135
5899	-39.25	29.25	2135
5899	-38.75	29.25	2135
5899	-37.75	28.25	2135
5899	-36.75	28.25	2135
5899	-36.25	27.75	2135
5899	-35.25	27.75	2135
5899	-34.75	27.25	2135
5899	-33.75	27.25	2135
5899	-33.25	26.75	2135
5899	-33.25	26.25	2135
5899	-33.75	25.75	2135
5899	-33.75	25.25	2135
5899	-33.25	24.75	2135
5899	-32.75	24.75	2135
5899	-32.25	25.25	2135
5899	-31.75	25.25	2135
5899	-31.25	24.75	2135
5899	-30.25	24.75	2135
5899	-29.75	24.25	2135
5899	-27.75	24.25	2135
5899	-27.25	23.75	2135
5899	-26.25	23.75	2135
5899	-26.25	21.75	2135
5899	-25.25	21.75	2135
5899	-25.25	21.25	2135
5899	-26.25	20.25	2135
5899	-27.25	20.25	2135
5899	-27.75	19.75	2135
5899	-27.75	18.75	2135
5899	-30.25	18.75	2135
5899	-30.75	19.25	2135
5899	-32.75	19.25	2135
5899	-33.75	20.25	2135
5899	-33.75	21.25	2135
5899	-34.75	22.25	2135
5899	-37.25	22.25	2135
5899	-37.25	21.25	2135
5899	-37.75	20.75	2135
5899	-37.75	20.25	2135
5899	-37.25	19.75	2135
5899	-37.25	19.25	2135
5899	-38.25	19.25	2135
5899	-38.25	18.75	2135
5899	-36.25	16.75	2135
5899	-36.25	15.75	2135
5899	-35.25	14.75	2135
5899	-35.25	14.25	2135
5899	-35.75	13.75	2135
5899	-36.75	13.75	2135
5899	-37.25	13.25	2135
5899	-38.75	13.25	2135
5899	-39.25	13.75	2135
5899	-39.75	13.75	2135
5899	-39.75	13.25	2135
5899	-38.25	11.75	2135
5899	-38.25	9.25	2135
5899	-38.75	9.25	2135
5899	-39.25	9.75	2135
5899	-39.25	10.75	2135
5899	-40.25	10.75	2135
5899	-40.25	11.75	2135
5899	-41.25	11.75	2135
5899	-41.75	12.25	2135
5899	-42.25	12.25	2135
5899	-42.75	11.75	2135
5899	-42.75	11.25	2135
5899	-41.75	10.25	2135
5899	-41.75	9.75	2135
5899	-42.25	9.25	2135
5899	-42.75	9.25	2135
5899	-42.75	10.25	2135
5899	-44.25	11.75	2135
5899	-45.25	11.75	2135
5899	-45.25	12.25	2135
5899	-44.25	13.25	2135
5899	-44.25	15.25	2135
5899	-43.25	15.25	2135
5899	-42.75	15.75	2135
5899	-42.75	16.75	2135
5899	-42.25	17.25	2135
5899	-41.25	17.25	2135
5899	-40.25	18.25	2135
5899	-39.25	18.25	2135
5899	-39.25	18.75	2135
5899	-39.75	19.25	2135
5899	-39.75	20.25	2135
5899	-40.25	20.25	2135
5899	-41.25	19.25	2135
5899	-41.75	19.25	2135
5899	-41.75	19.75	2135
5899	-41.25	20.25	2135
5899	-41.25	20.75	2135
5899	-42.25	21.75	2135
5899	-42.75	21.75	2135
5899	-42.75	20.75	2135
5899	-43.25	20.75	2135
5899	-43.75	21.25	2135
5899	-43.75	22.75	2135
5899	-41.75	22.75	2135
5899	-41.75	23.75	2135
5899	-40.25	23.75	2135
5899	-39.75	23.25	2135
5899	-38.75	23.25	2135
5899	-38.25	22.75	2135
5899	-37.75	22.75	2135
5899	-37.75	23.75	2135
5899	-36.75	23.75	2135
5899	-36.25	24.25	2135
5899	-36.25	25.25	2135
5899	-35.75	25.75	2135
5899	-35.75	26.25	2135
5899	-36.75	27.25	2135
5899	-38.75	27.25	2135
5899	-38.75	28.25	2135
5899	-39.25	28.75	2135
2063	-25.25	33.75	1333
2063	-25.25	34.25	1333
2063	-24.75	34.75	1333
2063	-24.25	34.75	1333
2063	-23.25	33.75	1333
2063	-22.25	33.75	1333
2063	-22.25	32.25	1333
2063	-23.25	31.25	1333
2063	-23.75	31.25	1333
2063	-23.75	32.25	1333
2063	-24.25	32.25	1333
2063	-25.75	30.75	1333
2063	-25.75	29.25	1333
2063	-24.75	28.25	1333
2063	-24.75	27.25	1333
2063	-23.75	27.25	1333
2063	-23.25	26.75	1333
2063	-22.25	26.75	1333
2063	-22.25	25.75	1333
2063	-21.25	25.75	1333
2063	-20.25	24.75	1333
2063	-20.25	24.25	1333
2063	-20.75	23.75	1333
2063	-21.75	23.75	1333
2063	-21.75	22.25	1333
2063	-21.25	22.25	1333
2063	-20.25	23.25	1333
2063	-19.75	23.25	1333
2063	-19.25	22.75	1333
2063	-18.25	22.75	1333
2063	-17.25	21.75	1333
2063	-17.25	21.25	1333
2063	-18.25	21.25	1333
2063	-18.25	20.25	1333
2063	-18.75	20.25	1333
2063	-19.25	20.75	1333
2063	-19.75	20.75	1333
2063	-20.75	19.75	1333
2063	-22.25	19.75	1333
2063	-22.75	20.25	1333
2063	-22.75	21.25	1333
2063	-23.25	21.75	1333
2063	-23.75	21.75	1333
2063	-24.75	20.75	1333
2063	-24.75	20.25	1333
2063	-24.25	19.75	1333
2063	-24.25	19.25	1333
2063	-24.75	18.75	1333
2063	-24.75	18.25	1333
2063	-23.75	18.25	1333
2063	-23.75	17.75	1333
2063	-24.25	17.25	1333
2063	-24.75	17.25	1333
2063	-25.25	17.75	1333
2063	-26.25	17.75	1333
2063	-26.25	18.25	1333
2063	-25.75	18.75	1333
2063	-25.75	19.25	1333
2063	-26.25	19.75	1333
2063	-26.25	20.25	1333
2063	-25.25	21.25	1333
2063	-25.25	21.75	1333
2063	-26.25	21.75	1333
2063	-26.25	23.75	1333
2063	-27.25	23.75	1333
2063	-29.25	25.75	1333
2063	-29.25	26.25	1333
2063	-28.25	26.25	1333
2063	-28.25	26.75	1333
2063	-28.75	27.25	1333
2063	-28.75	28.25	1333
2063	-29.25	28.75	1333
2063	-29.25	29.25	1333
2063	-28.25	30.25	1333
2063	-27.25	30.25	1333
2063	-27.25	31.25	1333
2063	-26.25	31.25	1333
2063	-26.25	32.25	1333
2063	-25.25	32.25	1333
2063	-25.25	33.75	1333
7200	-19.25	36.75	244
7200	-19.25	37.25	244
7200	-18.75	37.75	244
7200	-17.75	37.75	244
7200	-16.75	38.75	244
7200	-16.75	39.75	244
7200	-16.25	39.75	244
7200	-15.75	39.25	244
7200	-15.75	37.75	244
7200	-16.75	37.75	244
7200	-16.75	36.25	244
7200	-15.75	36.25	244
7200	-15.75	35.75	244
7200	-16.25	35.25	244
7200	-16.25	34.75	244
7200	-15.75	34.25	244
7200	-14.75	34.25	244
7200	-14.75	33.75	244
7200	-15.75	32.75	244
7200	-15.75	32.25	244
7200	-15.25	31.75	244
7200	-15.25	30.75	244
7200	-14.75	30.25	244
7200	-13.75	30.25	244
7200	-13.75	29.75	244
7200	-14.25	29.25	244
7200	-14.25	28.75	244
7200	-13.75	28.25	244
7200	-13.75	27.75	244
7200	-14.75	27.75	244
7200	-14.75	25.25	244
7200	-14.25	24.75	244
7200	-14.25	22.75	244
7200	-13.75	22.25	244
7200	-13.25	22.25	244
7200	-13.25	23.25	244
7200	-12.75	23.75	244
7200	-12.25	23.75	244
7200	-11.75	23.25	244
7200	-11.25	23.25	244
7200	-11.25	23.75	244
7200	-11.75	24.25	244
7200	-11.75	24.75	244
7200	-10.75	24.75	244
7200	-9.75	25.75	244
7200	-8.75	25.75	244
7200	-8.75	26.25	244
7200	-10.25	27.75	244
7200	-10.25	29.25	244
7200	-9.75	29.75	244
7200	-7.75	29.75	244
7200	-7.25	30.25	244
7200	-7.25	30.75	244
7200	-7.75	31.25	244
7200	-7.75	31.75	244
7200	-6.75	32.75	244
7200	-6.25	32.75	244
7200	-6.25	31.75	244
7200	-5.25	30.75	244
7200	-4.75	30.75	244
7200	-4.75	32.25	244
7200	-5.25	32.75	244
7200	-5.25	33.75	244
7200	-5.75	34.25	244
7200	-5.75	34.75	244
7200	-5.25	34.75	244
7200	-3.75	33.25	244
7200	-3.75	32.25	244
7200	-3.25	31.75	244
7200	-2.75	31.75	244
7200	-1.75	32.75	244
7200	0.75	32.75	244
7200	1.25	32.25	244
7200	4.25	32.25	244
7200	5.25	31.25	244
7200	5.25	29.75	244
7200	4.75	29.75	244
7200	4.25	30.25	244
7200	3.75	30.25	244
7200	3.75	29.25	244
7200	3.25	28.75	244
7200	1.25	28.75	244
7200	0.75	28.25	244
7200	0.25	28.25	244
7200	-0.25	28.75	244
7200	-0.75	28.75	244
7200	-1.25	28.25	244
7200	-1.25	27.75	244
7200	-0.75	27.25	244
7200	0.25	27.25	244
7200	0.25	26.75	244
7200	-0.75	25.75	244
7200	-0.75	25.25	244
7200	0.25	25.25	244
7200	0.25	24.25	244
7200	1.25	23.25	244
7200	1.75	23.25	244
7200	2.25	23.75	244
7200	2.25	24.25	244
7200	1.75	24.75	244
7200	1.75	26.25	244
7200	3.75	26.25	244
7200	4.25	26.75	244
7200	4.75	26.75	244
7200	4.75	25.75	244
7200	5.25	25.25	244
7200	5.25	24.75	244
7200	4.75	24.25	244
7200	4.75	23.75	244
7200	5.25	23.25	244
7200	5.25	2.75	244
7200	4.75	2.25	244
7200	3.75	2.25	244
7200	3.75	1.75	244
7200	4.25	1.25	244
7200	5.25	1.25	244
7200	5.25	-1.25	244
7200	-21.25	-1.25	244
7200	-21.25	-0.75	244
7200	-20.75	-0.25	244
7200	-20.75	0.75	244
7200	-19.75	0.75	244
7200	-19.75	1.25	244
7200	-20.25	1.75	244
7200	-21.75	1.75	244
7200	-23.25	0.25	244
7200	-23.25	-0.25	244
7200	-22.75	-0.25	244
7200	-22.25	0.25	244
7200	-21.75	0.25	244
7200	-21.75	-0.25	244
7200	-22.75	-1.25	244
7200	-24.25	-1.25	244
7200	-24.75	-0.75	244
7200	-25.25	-0.75	244
7200	-25.75	-1.25	244
7200	-27.25	-1.25	244
7200	-27.25	-0.75	244
7200	-26.75	-0.25	244
7200	-26.75	0.25	244
7200	-27.25	0.75	244
7200	-27.25	2.25	244
7200	-26.25	3.25	244
7200	-25.75	3.25	244
7200	-25.25	2.75	244
7200	-24.75	2.75	244
7200	-24.75	3.25	244
7200	-26.25	4.75	244
7200	-26.25	6.75	244
7200	-27.25	6.75	244
7200	-27.25	7.25	244
7200	-26.75	7.75	244
7200	-25.75	7.75	244
7200	-25.25	8.25	244
7200	-24.75	8.25	244
7200	-24.75	7.25	244
7200	-24.25	7.25	244
7200	-23.25	8.25	244
7200	-21.75	8.25	244
7200	-20.25	6.75	244
7200	-20.25	6.25	244
7200	-20.75	5.75	244
7200	-20.75	5.25	244
7200	-20.25	4.75	244
7200	-20.25	4.25	244
7200	-20.75	3.75	244
7200	-20.75	3.25	244
7200	-20.25	2.75	244
7200	-18.75	2.75	244
7200	-18.25	3.25	244
7200	-17.25	3.25	244
7200	-16.75	3.75	244
7200	-16.25	3.75	244
7200	-15.75	3.25	244
7200	-15.25	3.25	244
7200	-15.25	4.25	244
7200	-14.75	4.75	244
7200	-14.75	5.25	244
7200	-15.75	5.25	244
7200	-15.75	7.25	244
7200	-16.25	7.75	244
7200	-16.25	8.75	244
7200	-16.75	8.75	244
7200	-17.25	8.25	244
7200	-17.75	8.25	244
7200	-17.75	8.75	244
7200	-17.25	9.25	244
7200	-17.25	9.75	244
7200	-17.75	9.75	244
7200	-18.25	9.25	244
7200	-19.75	9.25	244
7200	-19.75	10.25	244
7200	-20.75	10.25	244
7200	-20.75	10.75	244
7200	-20.25	11.25	244
7200	-19.75	11.25	244
7200	-19.25	10.75	244
7200	-18.75	10.75	244
7200	-18.75	11.25	244
7200	-19.75	12.25	244
7200	-20.25	12.25	244
7200	-20.75	11.75	244
7200	-21.25	11.75	244
7200	-21.25	12.25	244
7200	-20.75	12.75	244
7200	-20.75	14.25	244
7200	-21.75	15.25	244
7200	-21.75	15.75	244
7200	-21.25	15.75	244
7200	-20.75	15.25	244
7200	-20.25	15.25	244
7200	-19.75	15.75	244
7200	-19.75	16.75	244
7200	-19.25	17.25	244
7200	-19.25	17.75	244
7200	-19.75	17.75	244
7200	-20.75	16.75	244
7200	-22.25	16.75	244
7200	-22.25	17.25	244
7200	-21.25	18.25	244
7200	-20.25	18.25	244
7200	-20.25	19.25	244
7200	-19.75	19.75	244
7200	-17.25	19.75	244
7200	-16.75	19.25	244
7200	-16.75	18.25	244
7200	-15.75	18.25	244
7200	-14.75	17.25	244
7200	-14.75	16.25	244
7200	-14.25	16.25	244
7200	-13.75	16.75	244
7200	-12.75	16.75	244
7200	-12.25	17.25	244
7200	-12.25	18.25	244
7200	-11.75	18.25	244
7200	-10.75	17.25	244
7200	-10.75	16.75	244
7200	-11.75	15.75	244
7200	-11.75	15.25	244
7200	-11.25	14.75	244
7200	-10.25	14.75	244
7200	-8.75	13.25	244
7200	-8.25	13.25	244
7200	-8.25	13.75	244
7200	-8.75	14.25	244
7200	-8.75	15.75	244
7200	-7.75	15.75	244
7200	-7.75	18.25	244
7200	-9.75	18.25	244
7200	-10.75	19.25	244
7200	-10.75	19.75	244
7200	-9.75	19.75	244
7200	-9.75	20.25	244
7200	-10.25	20.75	244
7200	-10.75	20.75	244
7200	-12.25	19.25	244
7200	-12.75	19.25	244
7200	-12.75	20.25	244
7200	-13.25	20.75	244
7200	-14.25	20.75	244
7200	-14.75	21.25	244
7200	-14.75	22.25	244
7200	-15.25	22.25	244
7200	-15.75	21.75	244
7200	-16.25	21.75	244
7200	-16.25	22.75	244
7200	-16.75	23.25	244
7200	-17.75	23.25	244
7200	-17.75	24.25	244
7200	-18.25	24.75	244
7200	-18.25	25.25	244
7200	-17.75	25.75	244
7200	-17.75	26.75	244
7200	-17.25	27.25	244
7200	-16.25	27.25	244
7200	-16.25	28.75	244
7200	-17.25	29.75	244
7200	-17.75	29.75	244
7200	-17.75	29.25	244
7200	-17.25	28.75	244
7200	-17.25	28.25	244
7200	-17.75	27.75	244
7200	-18.25	27.75	244
7200	-18.75	28.25	244
7200	-19.25	28.25	244
7200	-19.75	27.75	244
7200	-20.25	27.75	244
7200	-20.75	28.25	244
7200	-21.75	28.25	244
7200	-22.25	28.75	244
7200	-22.25	29.25	244
7200	-21.25	30.25	244
7200	-20.25	30.25	244
7200	-20.25	30.75	244
7200	-21.25	31.75	244
7200	-21.25	32.25	244
7200	-18.25	32.25	244
7200	-18.25	32.75	244
7200	-18.75	33.25	244
7200	-18.75	33.75	244
7200	-17.75	33.75	244
7200	-17.75	36.25	244
7200	-18.75	36.25	244
7200	-19.25	36.75	244
7201	-28.25	-1.25	244
7201	-28.25	-0.75	244
7201	-27.75	-0.75	244
7201	-27.75	-1.25	244
7201	-28.25	-1.25	244
954	-7.75	48.25	1155
954	-7.75	48.75	1155
954	-6.75	48.75	1155
954	-6.25	49.25	1155
954	-5.75	49.25	1155
954	-5.75	47.75	1155
954	-6.25	47.25	1155
954	-6.75	47.25	1155
954	-7.75	48.25	1155
955	-5.25	49.25	1155
955	-5.25	48.75	1155
955	-4.75	48.75	1155
955	-4.75	49.25	1155
955	-5.25	49.25	1155
956	-3.25	48.75	1155
956	-3.25	49.25	1155
956	5.25	49.25	1155
956	5.25	44.75	1155
956	4.75	44.75	1155
956	4.75	45.75	1155
956	3.75	45.75	1155
956	3.75	46.75	1155
956	3.25	47.25	1155
956	2.75	47.25	1155
956	2.75	44.75	1155
956	3.75	44.75	1155
956	4.25	44.25	1155
956	4.25	42.75	1155
956	3.75	42.75	1155
956	1.75	44.75	1155
956	0.25	44.75	1155
956	-0.25	44.25	1155
956	-0.75	44.25	1155
956	-0.75	44.75	1155
956	-0.25	45.25	1155
956	-0.25	45.75	1155
956	-1.25	45.75	1155
956	-1.25	46.75	1155
956	-1.75	47.25	1155
956	-2.75	47.25	1155
956	-3.25	47.75	1155
956	-3.25	48.75	1155
957	2.25	42.25	1155
957	2.25	42.75	1155
957	2.75	42.75	1155
957	4.25	41.25	1155
957	4.75	41.25	1155
957	4.75	42.25	1155
957	5.25	42.25	1155
957	5.25	40.75	1155
957	3.75	39.25	1155
957	3.25	39.25	1155
957	3.25	39.75	1155
957	3.75	40.25	1155
957	3.75	40.75	1155
957	2.25	42.25	1155
12559	-41.25	5.75	4026
12559	-41.25	6.25	4026
12559	-40.75	6.75	4026
12559	-39.25	6.75	4026
12559	-38.75	6.25	4026
12559	-37.75	6.25	4026
12559	-37.75	5.75	4026
12559	-38.25	5.25	4026
12559	-39.25	5.25	4026
12559	-39.25	4.75	4026
12559	-37.75	3.25	4026
12559	-36.25	3.25	4026
12559	-36.25	4.25	4026
12559	-35.25	5.25	4026
12559	-35.25	6.75	4026
12559	-35.75	7.25	4026
12559	-35.75	7.75	4026
12559	-35.25	7.75	4026
12559	-34.75	7.25	4026
12559	-34.25	7.25	4026
12559	-33.75	7.75	4026
12559	-33.75	8.75	4026
12559	-33.25	8.75	4026
12559	-32.75	8.25	4026
12559	-32.75	5.25	4026
12559	-30.75	5.25	4026
12559	-30.75	4.25	4026
12559	-30.25	4.25	4026
12559	-29.75	4.75	4026
12559	-29.75	5.75	4026
12559	-28.75	5.75	4026
12559	-28.25	6.25	4026
12559	-28.25	6.75	4026
12559	-29.25	6.75	4026
12559	-29.75	7.25	4026
12559	-29.75	8.25	4026
12559	-30.25	8.75	4026
12559	-30.25	9.25	4026
12559	-29.75	9.25	4026
12559	-28.75	8.25	4026
12559	-27.25	8.25	4026
12559	-26.75	8.75	4026
12559	-25.75	8.75	4026
12559	-24.25	10.25	4026
12559	-23.75	10.25	4026
12559	-23.75	9.75	4026
12559	-24.25	9.25	4026
12559	-24.25	8.75	4026
12559	-23.75	8.25	4026
12559	-23.75	7.75	4026
12559	-24.25	7.25	4026
12559	-24.75	7.25	4026
12559	-24.75	8.25	4026
12559	-25.25	8.25	4026
12559	-25.75	7.75	4026
12559	-26.75	7.75	4026
12559	-27.25	7.25	4026
12559	-27.25	6.75	4026
12559	-26.25	6.75	4026
12559	-26.25	4.75	4026
12559	-24.75	3.25	4026
12559	-24.75	2.75	4026
12559	-25.25	2.75	4026
12559	-25.75	3.25	4026
12559	-26.25	3.25	4026
12559	-27.25	2.25	4026
12559	-27.25	0.75	4026
12559	-26.75	0.25	4026
12559	-26.75	-0.25	4026
12559	-27.25	-0.75	4026
12559	-28.25	-0.75	4026
12559	-28.75	-1.25	4026
12559	-29.25	-1.25	4026
12559	-29.25	1.75	4026
12559	-29.75	1.75	4026
12559	-30.75	0.75	4026
12559	-30.75	-0.25	4026
12559	-32.25	-0.25	4026
12559	-32.25	1.75	4026
12559	-33.75	1.75	4026
12559	-33.75	0.75	4026
12559	-34.25	0.25	4026
12559	-35.25	0.25	4026
12559	-35.25	-0.75	4026
12559	-36.25	-0.75	4026
12559	-36.75	-1.25	4026
12559	-42.25	-1.25	4026
12559	-43.75	0.25	4026
12559	-43.75	1.75	4026
12559	-42.25	3.25	4026
12559	-41.75	3.25	4026
12559	-41.75	2.75	4026
12559	-42.25	2.25	4026
12559	-42.25	1.75	4026
12559	-41.75	1.25	4026
12559	-40.25	1.25	4026
12559	-40.25	2.25	4026
12559	-39.75	2.25	4026
12559	-39.25	1.75	4026
12559	-39.25	0.75	4026
12559	-38.75	0.75	4026
12559	-38.25	1.25	4026
12559	-38.25	2.75	4026
12559	-40.25	4.75	4026
12559	-41.25	4.75	4026
12559	-41.25	5.75	4026
12560	-25.25	-1.25	4026
12560	-25.25	-0.75	4026
12560	-24.75	-0.75	4026
12560	-24.75	-1.25	4026
12560	-25.25	-1.25	4026
12561	-23.25	-0.25	4026
12561	-23.25	0.25	4026
12561	-21.75	1.75	4026
12561	-20.25	1.75	4026
12561	-19.75	1.25	4026
12561	-19.75	0.75	4026
12561	-20.75	0.75	4026
12561	-20.75	-0.25	4026
12561	-21.75	-1.25	4026
12561	-22.25	-1.25	4026
12561	-22.25	-0.75	4026
12561	-21.75	-0.25	4026
12561	-21.75	0.25	4026
12561	-22.25	0.25	4026
12561	-22.75	-0.25	4026
12561	-23.25	-0.25	4026
12084	3.75	1.75	389
12084	3.75	2.25	389
12084	5.25	2.25	389
12084	5.25	1.75	389
12084	4.75	1.25	389
12084	4.25	1.25	389
12084	3.75	1.75	389
